 s    16.0   -0.91519162    2.26937675   -0.20252830   31.97207180
 o     8.0   -1.33327222    2.67468982    2.58215539   15.99491464
 o     8.0   -2.73767048    2.96311479   -2.22041045   15.99491464
 c     6.0    2.13034822    3.72284597   -1.09005395   12.00000000
 c     6.0    3.85392308    4.47569813    0.74454053   12.00000000
 c     6.0    2.40328595    4.06103879   -3.88701413   12.00000000
 c     6.0    6.24165462    5.28885892   -0.28136994   12.00000000
 h     1.0    3.82225937    4.01250863    2.82143650    1.00782504
 c     6.0    4.81370110    4.76910969   -4.85201072   12.00000000
 h     1.0    0.97251307    3.51047544   -5.19295037    1.00782504
 c     6.0    6.70751211    5.55100172   -3.14333699   12.00000000
 h     1.0    5.06426579    4.89392981   -6.90027668    1.00782504
 h     1.0    8.36544105    6.23327043   -4.19356320    1.00782504
 c     6.0   -0.23038198   -1.08781355   -0.64781875   12.00000000
 c     6.0   -0.72866122   -2.07607514   -2.87324956   12.00000000
 c     6.0    0.98378103   -2.59535132    1.34129218   12.00000000
 c     6.0   -0.27773645   -4.70144213   -3.29954381   12.00000000
 h     1.0   -1.91963657   -1.21190698   -4.32825580    1.00782504
 c     6.0    1.62480610   -4.99175258    0.88893866   12.00000000
 h     1.0    0.81853022   -1.49271133    3.15098419    1.00782504
 c     6.0    0.96001928   -6.25068030   -1.49632890   12.00000000
 h     1.0   -0.31021474   -5.60971692   -4.98787420    1.00782504
 h     1.0    2.80026652   -6.06581945    2.36802262    1.00782504
 c     6.0    2.07314900   -8.77286181   -2.01880344   12.00000000
 c     6.0    0.19636723  -10.53410200   -3.15632212   12.00000000
 c     6.0    4.70058987   -9.41148195   -1.35687164   12.00000000
 c     6.0    1.24011828  -12.93590170   -3.86016968   12.00000000
 h     1.0   -2.31220577   -9.98187420   -3.33465414    1.00782504
 c     6.0    5.50645795  -11.84906570   -2.07378679   12.00000000
 h     1.0    5.92156947   -8.42151552   -0.18130176    1.00782504
 c     6.0    3.72989987  -13.62567680   -3.11458776   12.00000000
 h     1.0   -0.21130721  -14.57281910   -4.61046530    1.00782504
 h     1.0    7.57519854  -12.69936140   -1.67163186    1.00782504
 h     1.0    4.20474159  -15.60577350   -3.52794002    1.00782504
 c     6.0    8.27999448    6.31899599    1.69484372   12.00000000
 h     1.0    8.36593121    4.29095166    3.60400447    1.00782504
 h     1.0   10.41728900    6.65649736    0.04540678    1.00782504
 h     1.0    7.45933451    8.60146872    2.80376290    1.00782504
