 s    16.0   -0.57122953    1.90358892   -0.41215682   31.97207180
 o     8.0   -0.86202522    2.17511275    2.32904297   15.99491464
 o     8.0   -2.45161584    2.56812387   -2.27098414   15.99491464
 c     6.0    2.28262289    3.76519381   -1.32796427   12.00000000
 c     6.0    4.09981236    4.30720112    0.53943911   12.00000000
 c     6.0    2.32895848    4.57140044   -3.87246382   12.00000000
 c     6.0    5.92043151    6.22985245   -0.06460100   12.00000000
 h     1.0    3.71830570    3.86369214    2.49461241    1.00782504
 c     6.0    4.20861607    6.53547459   -4.38905723   12.00000000
 h     1.0    0.67820844    4.24498777   -4.97817793    1.00782504
 c     6.0    6.10244634    7.12156197   -2.60421717   12.00000000
 h     1.0    4.09601296    7.84976842   -6.12512210    1.00782504
 h     1.0    7.34663115    8.66475175   -3.14901496    1.00782504
 c     6.0    0.11344163   -1.19189272   -0.90457637   12.00000000
 c     6.0   -0.31728400   -2.31195039   -3.33975612   12.00000000
 c     6.0    1.46403660   -2.71593921    1.16689249   12.00000000
 c     6.0    0.38287843   -4.95593047   -3.64968198   12.00000000
 h     1.0   -1.50424379   -1.31725594   -4.56267773    1.00782504
 c     6.0    2.04079170   -5.15939470    0.58563956   12.00000000
 h     1.0    1.89777329   -1.72861719    2.92111867    1.00782504
 c     6.0    1.53056571   -6.32472055   -1.78825818   12.00000000
 h     1.0    0.17251215   -5.85578641   -5.26100605    1.00782504
 h     1.0    3.07665422   -6.38689171    2.09761153    1.00782504
 c     6.0    2.12458359   -8.97413525   -2.15720619   12.00000000
 c     6.0   -0.18917430  -10.60860650   -2.79889591   12.00000000
 c     6.0    4.76637636   -9.96151026   -1.59891976   12.00000000
 c     6.0    0.18500945  -13.27002950   -3.25265879   12.00000000
 h     1.0   -2.37696505   -9.52028512   -3.18700410    1.00782504
 c     6.0    4.79399644  -12.59257210   -1.62334797   12.00000000
 h     1.0    6.54646709   -8.69554066   -1.10304242    1.00782504
 c     6.0    2.79799698  -14.15591960   -2.52771969   12.00000000
 h     1.0   -1.54576683  -14.50730430   -3.80446694    1.00782504
 h     1.0    6.88416344  -13.16051250   -1.31674934    1.00782504
 h     1.0    2.93109889  -16.22888270   -2.84830684    1.00782504
 c     6.0    7.96759468    6.81096066    1.88826695   12.00000000
 h     1.0    7.12612674    6.44887880    3.88005261    1.00782504
 h     1.0    9.46036773    4.81946315    2.16808905    1.00782504
 h     1.0    8.68827641    8.86892106    1.04011050    1.00782504
