   -0.000036340    0.000138186    0.000020969
    0.000017843    0.000229038    0.000186812
   -0.000244958    0.000078961   -0.000054394
    0.000577187    0.000435253    0.000118855
    0.000332705    0.000268622    0.000262906
   -0.000446191   -0.000237573   -0.000379036
   -0.000169880   -0.000652582    0.000024635
   -0.001007618   -0.002022613   -0.001020676
    0.000134150   -0.000485128   -0.000046373
    0.001179127    0.000478338   -0.000321291
   -0.000038696    0.000199418    0.000305729
   -0.001578436    0.000236304    0.001656871
    0.000675427   -0.001707102   -0.000694935
    0.000271166    0.000061123    0.000041060
   -0.000402367    0.000038081   -0.000346424
   -0.000003684    0.000129368   -0.000245066
   -0.000022220    0.000033402    0.000185512
    0.000091703    0.000322895    0.001349943
   -0.000253086   -0.000472032    0.000037967
   -0.000255727   -0.002340458   -0.000764188
   -0.000037740    0.000101335   -0.000018989
    0.000814251    0.000092608    0.000137939
    0.000613394    0.001385981   -0.001118687
    0.000212617   -0.000117842    0.000058334
   -0.000168598    0.000006404   -0.000237885
   -0.000179638   -0.000208034    0.000182730
    0.000237438   -0.000453791   -0.000065963
    0.001996107   -0.000832918    0.001071473
    0.000112442    0.000030828   -0.000020199
   -0.000134732    0.001278993    0.000634738
    0.000359643    0.000285639    0.000122617
   -0.000502054   -0.000144294    0.000568774
   -0.003188129    0.002004508   -0.003001463
   -0.001024107    0.000356248    0.000065795
   -0.000331594    0.000075076   -0.000258400
    0.001690608   -0.000630610    0.002545246
    0.001445141    0.000286285   -0.001038107
    0.001759752    0.003420601    0.000472391
