 s    16.0   -0.77088310    1.95667781   -0.48397212   31.97207180
 o     8.0   -1.67581339    2.48313846    2.18981527   15.99491464
 o     8.0   -2.32930699    2.53892791   -2.93369900   15.99491464
 c     6.0    2.20627996    3.93509279   -1.09919520   12.00000000
 c     6.0    3.84808954    4.69546631    0.86125403   12.00000000
 c     6.0    2.37653811    4.76569602   -3.63696764   12.00000000
 c     6.0    5.94206245    6.31023819    0.21313113   12.00000000
 h     1.0    3.63803433    3.77666780    2.78159615    1.00782504
 c     6.0    4.53433439    6.38874369   -4.35292538   12.00000000
 h     1.0    1.00974108    4.26420780   -5.17737744    1.00782504
 c     6.0    6.43679974    6.98753449   -2.35678661   12.00000000
 h     1.0    5.03376261    7.01466255   -6.21280773    1.00782504
 h     1.0    7.84185836    8.12506653   -3.08544121    1.00782504
 c     6.0    0.21570946   -1.24143303   -0.92669444   12.00000000
 c     6.0   -1.00928304   -2.62363806   -3.04828434   12.00000000
 c     6.0    2.65927339   -2.27892918    0.85587405   12.00000000
 c     6.0   -0.62889295   -5.12105565   -3.46315918   12.00000000
 h     1.0   -3.01076609   -2.08524291   -4.09653348    1.00782504
 c     6.0    3.30613597   -4.81358247    0.41957118   12.00000000
 h     1.0    3.78264095   -1.64168325    2.75023181    1.00782504
 c     6.0    1.55902020   -6.18210931   -1.76277468   12.00000000
 h     1.0   -1.78581407   -6.52686903   -5.20127129    1.00782504
 h     1.0    5.07941424   -5.46686865    1.56564214    1.00782504
 c     6.0    2.11942355   -9.02702668   -2.09169365   12.00000000
 c     6.0   -0.41973966  -10.88274200   -2.78219023   12.00000000
 c     6.0    4.75890717   -9.92380626   -1.91493951   12.00000000
 c     6.0   -0.04147053  -13.70438390   -2.82294254   12.00000000
 h     1.0   -2.88020277  -10.31831970   -2.71841065    1.00782504
 c     6.0    5.19513310  -12.57344510   -2.12739360   12.00000000
 h     1.0    6.64458870   -8.58071909   -1.61244084    1.00782504
 c     6.0    2.75025868  -14.41233820   -2.59630990   12.00000000
 h     1.0   -1.98032703  -15.45021680   -2.86570670    1.00782504
 h     1.0    7.42596413  -13.15723420   -1.96612087    1.00782504
 h     1.0    3.28045941  -16.16578260   -2.67305044    1.00782504
 c     6.0    8.01561710    6.60255000    2.08260923   12.00000000
 h     1.0    7.13629678    7.26176650    4.49365202    1.00782504
 h     1.0    9.28751761    4.39003241    1.87094068    1.00782504
 h     1.0    9.47529943    8.40555576    1.49592038    1.00782504
