    0.000186486    0.000114921    0.000118397
   -0.000048293   -0.000303716   -0.000362332
   -0.000280510    0.000105193   -0.000043267
    0.000362412    0.000225588    0.000073956
   -0.000081670   -0.000392527   -0.000224651
   -0.000224197   -0.000125552   -0.000035878
   -0.000193758   -0.000030639   -0.000282122
   -0.001376617   -0.000249343    0.003413571
   -0.000025558   -0.000012082   -0.000422599
    0.002710034    0.001578585    0.003931722
   -0.000237540   -0.000014596    0.000533922
    0.000843913   -0.000076170    0.000268924
    0.002003452   -0.000678410   -0.002133772
   -0.000149461    0.000125116    0.000170449
    0.000153680   -0.000123682   -0.000650667
    0.000069309    0.000217046    0.000483109
   -0.000400722   -0.000308442   -0.000122162
   -0.001674753   -0.000958647    0.001625123
    0.000071900    0.000055057   -0.000256806
    0.003228277   -0.000902690   -0.000746754
    0.000606048    0.000827929    0.000264871
    0.001252235    0.003141239    0.000288957
    0.000271101   -0.001893932    0.001217593
   -0.000183535   -0.000401664    0.000142100
   -0.000136068   -0.000033695   -0.000107074
   -0.000643761   -0.000022764   -0.000353111
    0.000483342    0.000489747    0.000140001
   -0.000733793   -0.001411092    0.000108403
    0.000102224   -0.000226479    0.000345387
   -0.000227011    0.000199267    0.000295613
   -0.000001996   -0.000151372   -0.000202110
   -0.001203379   -0.000046495    0.000242566
   -0.000803460   -0.000329022   -0.000376987
    0.001740072   -0.001805224    0.000467103
   -0.000140963    0.000401017   -0.000087241
   -0.000003523   -0.002485261    0.001367466
    0.001521318   -0.001339576    0.000207595
   -0.001463698    0.000820965   -0.000468864
