 s    16.0   -0.52504447    2.00908353   -0.46366326   31.97207180
 o     8.0   -1.03089333    2.62086706    2.22151545   15.99491464
 o     8.0   -2.38879543    2.44878843   -2.46785464   15.99491464
 c     6.0    2.26707161    4.00411410   -1.43881366   12.00000000
 c     6.0    4.13752616    4.28357751    0.31023134   12.00000000
 c     6.0    2.26351561    5.12824538   -3.87408009   12.00000000
 c     6.0    6.16038265    6.23224537   -0.05587162   12.00000000
 h     1.0    3.88802704    3.58498557    2.02952498    1.00782504
 c     6.0    4.26319121    6.86303992   -4.34945934   12.00000000
 h     1.0    0.65224205    4.45580775   -5.76432754    1.00782504
 c     6.0    6.25111719    7.40396052   -2.48481072   12.00000000
 h     1.0    4.39000826    8.01180373   -6.26144814    1.00782504
 h     1.0    7.79270499    9.11007218   -2.49294008    1.00782504
 c     6.0    0.32074117   -1.21569905   -0.76896322   12.00000000
 c     6.0   -0.30915666   -2.59638536   -3.10799244   12.00000000
 c     6.0    1.60703933   -2.57039366    1.30219483   12.00000000
 c     6.0   -0.22546212   -5.33205319   -3.31632644   12.00000000
 h     1.0   -1.12830811   -1.61592189   -4.57160533    1.00782504
 c     6.0    1.76538532   -5.18656322    0.83420395   12.00000000
 h     1.0    2.09730426   -1.28650177    3.01099063    1.00782504
 c     6.0    0.89914330   -6.66663516   -1.33653148   12.00000000
 h     1.0   -0.89153496   -6.17474642   -5.29913374    1.00782504
 h     1.0    2.73160363   -6.35185406    2.69345914    1.00782504
 c     6.0    1.68866537   -9.34071725   -1.70814941   12.00000000
 c     6.0   -0.18757120  -10.94953410   -2.84796155   12.00000000
 c     6.0    4.34687573  -10.06993260   -1.39016295   12.00000000
 c     6.0    0.69055673  -13.50565120   -3.45459679   12.00000000
 h     1.0   -2.37453818  -10.17756980   -3.49998632    1.00782504
 c     6.0    5.03838283  -12.63030460   -2.06594180   12.00000000
 h     1.0    5.77812294   -8.51474837   -0.64934539    1.00782504
 c     6.0    3.34527981  -14.23396090   -3.16168906   12.00000000
 h     1.0   -1.26966514  -14.71609650   -3.76695260    1.00782504
 h     1.0    7.19178874  -13.12610960   -1.35823110    1.00782504
 h     1.0    4.02214771  -15.89768460   -3.91862104    1.00782504
 c     6.0    8.12904390    6.74375352    1.87761462   12.00000000
 h     1.0    7.16235877    7.33703298    4.03213568    1.00782504
 h     1.0    9.47736519    4.61039301    1.71047315    1.00782504
 h     1.0    9.70076070    8.60458907    0.71660108    1.00782504
