   -0.000169436   -0.000045438    0.000087738
    0.000125342    0.000099921   -0.000121763
    0.000051376    0.000086565    0.000001654
   -0.000076026   -0.000051084   -0.000492655
    0.000515456    0.000203260    0.000889314
   -0.000247701   -0.000166419   -0.000331160
   -0.000227711   -0.000378790   -0.000145894
    0.000473703   -0.000610782   -0.000359866
    0.000071424   -0.000512466    0.000039923
   -0.002187196   -0.001022233   -0.000899048
    0.000266499    0.000306362    0.000067615
    0.000016279   -0.000969302    0.003631150
   -0.002872451   -0.000889447    0.000795901
   -0.000196992    0.000255771   -0.000296045
    0.000052983   -0.000271676    0.000227402
    0.000139036   -0.000055967   -0.000539068
   -0.000008478    0.000196996   -0.000036261
    0.000941602   -0.000364523    0.000955436
   -0.000356209   -0.000090361   -0.000060049
    0.000468058    0.001312920    0.000734405
    0.000220286   -0.000363395   -0.000267648
   -0.000016732    0.000330117    0.000805662
    0.000686936   -0.000403259   -0.000392915
   -0.000213818    0.000287001    0.000152282
    0.000155617    0.000219960    0.000465181
   -0.000056241   -0.000128268   -0.000036167
   -0.000153152    0.000091940   -0.000192935
    0.000693504   -0.000367287   -0.000038618
    0.000623115    0.000258512    0.000061943
   -0.000181511    0.000996699    0.000164556
   -0.000175521    0.000288585    0.000219656
   -0.001558335    0.002522960   -0.000959792
   -0.000231260    0.000751033    0.000755283
    0.001325338   -0.000817992   -0.001635354
   -0.000276055   -0.000009409    0.000296879
   -0.000961190   -0.000015649   -0.001900457
    0.002928789   -0.001282286   -0.002864733
    0.002385550   -0.001649355    0.000057684
