 s    16.0   -0.43265348    2.00244040   -0.68628896   31.97207180
 o     8.0   -1.10456868    2.07068599    2.07392422   15.99491464
 o     8.0   -2.50573987    2.72146959   -2.30214995   15.99491464
 c     6.0    2.20665109    4.22837215   -1.50153442   12.00000000
 c     6.0    4.01617852    4.44253564    0.51680758   12.00000000
 c     6.0    2.16576655    5.75311823   -3.56199622   12.00000000
 c     6.0    6.04094747    6.23610822    0.08092948   12.00000000
 h     1.0    3.68793895    2.99019832    2.32930584    1.00782504
 c     6.0    4.06929940    7.34406278   -4.18945047   12.00000000
 h     1.0    0.57107253    5.22657591   -4.75175608    1.00782504
 c     6.0    6.13934507    7.61994400   -2.19788342   12.00000000
 h     1.0    4.12637110    8.72799647   -5.67531579    1.00782504
 h     1.0    7.05274741    9.39066413   -2.21371712    1.00782504
 c     6.0    0.58515179   -1.27043672   -1.10714544   12.00000000
 c     6.0   -0.54993531   -2.53272497   -3.21659422   12.00000000
 c     6.0    2.01010333   -2.61515689    0.83869071   12.00000000
 c     6.0   -0.22248149   -5.22126210   -3.54874166   12.00000000
 h     1.0   -1.54397202   -1.26148403   -4.71593067    1.00782504
 c     6.0    2.53205517   -5.15347291    0.36658851   12.00000000
 h     1.0    2.91800247   -1.36405571    2.49191856    1.00782504
 c     6.0    1.34725182   -6.60601742   -1.71171051   12.00000000
 h     1.0   -1.53534521   -6.08382046   -4.88239205    1.00782504
 h     1.0    3.43586628   -6.33775637    1.78761684    1.00782504
 c     6.0    1.76797351   -9.49543169   -1.91361489   12.00000000
 c     6.0   -0.39037161  -11.27523100   -2.80718650   12.00000000
 c     6.0    4.46302528  -10.09673840   -1.34254257   12.00000000
 c     6.0    0.18702273  -13.84197350   -3.06076747   12.00000000
 h     1.0   -2.36079229  -10.55536190   -3.36955240    1.00782504
 c     6.0    5.00093177  -12.74400230   -1.65496768   12.00000000
 h     1.0    5.79458622   -8.78527659   -0.69969042    1.00782504
 c     6.0    3.03012782  -14.49837450   -2.53587879   12.00000000
 h     1.0   -1.35744535  -15.36916950   -3.54641222    1.00782504
 h     1.0    7.09335701  -13.51380010   -1.50226264    1.00782504
 h     1.0    3.13727417  -16.51992780   -3.01467722    1.00782504
 c     6.0    8.15066886    6.57337775    1.85794907   12.00000000
 h     1.0    7.65145274    7.30746142    4.16326390    1.00782504
 h     1.0    9.81177597    4.37149908    2.02923218    1.00782504
 h     1.0    9.65579849    8.46017512    0.82753759    1.00782504
