   -0.000064635    0.000177551   -0.000054966
   -0.000083502    0.000538098   -0.000293495
    0.000111875    0.000068392    0.000081920
    0.000256753   -0.000210086    0.000230450
   -0.000186584    0.000340815    0.000262435
   -0.000237789   -0.000214477   -0.000052270
   -0.000335143    0.000184770   -0.000176586
    0.002534923   -0.000802983   -0.002258354
    0.000006262   -0.000065597    0.000376649
   -0.000366517    0.001929369   -0.000879797
   -0.000008629   -0.000425421   -0.000272933
    0.000840346    0.001127991    0.001027364
   -0.001524029    0.000133265   -0.000163654
   -0.000462954    0.000572017    0.000073841
    0.000061660   -0.000077941    0.000137141
    0.000043147   -0.000063553   -0.000100351
   -0.000059567    0.000043941   -0.000109948
    0.001493984   -0.000247291    0.003372074
    0.000260953   -0.000393221    0.000020863
    0.001597582    0.000255900    0.000034948
    0.000020045   -0.000224391   -0.000058247
   -0.000721622    0.000828572    0.000958359
    0.000494526    0.000746884   -0.000182580
   -0.000209381   -0.000524160   -0.000003271
    0.000031358    0.000327775    0.000030275
   -0.000062798   -0.000082050   -0.000315384
   -0.000000916   -0.000105640   -0.000346227
    0.002990729   -0.001179240   -0.000033007
   -0.000055524   -0.000099409   -0.000566618
   -0.000012819   -0.000387348    0.000750245
    0.000520049   -0.000174008    0.000616161
   -0.001798185   -0.000308753    0.001382784
    0.000339122    0.000195659    0.002574727
   -0.000467576    0.000710980   -0.000777665
    0.000110407   -0.000281658    0.000257693
   -0.000701736    0.000269704   -0.002422358
   -0.000428239    0.000738382    0.001245688
    0.001015194   -0.001741506    0.000435647
