 s    16.0   -0.54717375    2.06211474   -0.17750367   31.97207180
 o     8.0   -0.73251006    2.36678038    2.53033245   15.99491464
 o     8.0   -2.56111315    2.81963528   -1.85952267   15.99491464
 c     6.0    2.09444463    3.96384366   -1.21516182   12.00000000
 c     6.0    4.28984741    4.46528035    0.19925721   12.00000000
 c     6.0    1.88305936    5.03608760   -3.65927878   12.00000000
 c     6.0    6.02440841    6.35752987   -0.31879848   12.00000000
 h     1.0    4.59585825    3.32355321    2.21154305    1.00782504
 c     6.0    4.21979961    6.27041836   -4.50567293   12.00000000
 h     1.0    0.52181246    4.89606946   -4.88153987    1.00782504
 c     6.0    6.01455401    7.11181153   -3.01574440   12.00000000
 h     1.0    3.95904255    7.22633439   -6.39661714    1.00782504
 h     1.0    7.42650523    8.49463097   -3.60447459    1.00782504
 c     6.0    0.19089484   -1.21587797   -0.67806010   12.00000000
 c     6.0   -0.04420340   -2.33842659   -3.13605726   12.00000000
 c     6.0    1.03366177   -2.78294675    1.31195105   12.00000000
 c     6.0    0.49822316   -4.86180945   -3.60284566   12.00000000
 h     1.0   -0.20153901   -1.14266280   -4.90848977    1.00782504
 c     6.0    1.65009722   -5.38221580    0.84589216   12.00000000
 h     1.0    1.49940428   -2.13146022    3.33122894    1.00782504
 c     6.0    1.16164172   -6.55290598   -1.60330701   12.00000000
 h     1.0    0.00822990   -5.49853335   -5.62126800    1.00782504
 h     1.0    2.53050033   -6.45958637    2.33839161    1.00782504
 c     6.0    1.98127659   -9.35996857   -2.04734879   12.00000000
 c     6.0    0.72394651  -10.61484210   -4.08029532   12.00000000
 c     6.0    3.79873682  -10.48719490   -0.55153751   12.00000000
 c     6.0    1.18592430  -13.14377850   -4.45770668   12.00000000
 h     1.0   -0.41035010   -9.95452756   -5.51823511    1.00782504
 c     6.0    4.28652986  -12.98183550   -0.88333028   12.00000000
 h     1.0    4.82890211   -9.81303945    0.94395637    1.00782504
 c     6.0    2.93086736  -14.44857770   -2.73178183   12.00000000
 h     1.0    0.26604862  -14.27176810   -5.67485364    1.00782504
 h     1.0    5.74093201  -13.92610450    0.08810468    1.00782504
 h     1.0    3.46200988  -16.48578080   -3.03086609    1.00782504
 c     6.0    8.34647815    7.13501781    1.25616829   12.00000000
 h     1.0    6.78573291    8.60341978    4.05254865    1.00782504
 h     1.0    9.72506727    4.87188866    2.07742723    1.00782504
 h     1.0    9.34799887    8.86264932   -0.57449353    1.00782504
