    0.000027567    0.000065817    0.000016513
    0.000321013   -0.000076813   -0.000060341
    0.000447735   -0.000001235   -0.000083710
    0.000127724   -0.000032194   -0.000226995
   -0.000701650   -0.000438842   -0.000324571
   -0.000394959    0.000160127    0.000342540
   -0.000452532    0.000372757   -0.000334954
    0.001610121    0.002376410    0.000101942
    0.000338109    0.000246838    0.000001101
   -0.001203577    0.000636940    0.001265599
   -0.000089770   -0.000233727    0.000294584
    0.000249309    0.001765979    0.001849904
    0.000380120    0.002844873   -0.002899266
    0.000460926   -0.000287454   -0.000125012
    0.000248346   -0.000110312    0.000351198
   -0.000111912   -0.000182044   -0.000218091
   -0.000361897   -0.000045745    0.000082132
   -0.002187182   -0.000852822   -0.002368388
   -0.000285722    0.000270930    0.000468707
   -0.000219459   -0.001710324    0.000505398
   -0.000152756    0.000333163   -0.000635819
    0.000257782   -0.000059838    0.000672816
    0.002119716   -0.001070031    0.001704740
   -0.000673659   -0.000103073   -0.000663815
   -0.000263284    0.000317778    0.000139576
    0.000009198    0.000341769    0.000264927
   -0.000201102   -0.000690580   -0.000146679
    0.001439507    0.002060142   -0.000838091
    0.000154821    0.000161675    0.000347075
    0.001329975   -0.000572337    0.000998793
    0.000403435   -0.000647865   -0.000167682
    0.002658725    0.002585763    0.003108842
   -0.000134827    0.000697436    0.001023450
   -0.000226516    0.000551749    0.000134387
    0.000409271   -0.000265983    0.000142083
    0.000482406   -0.001561124   -0.001189015
   -0.001574045    0.000935198    0.001675249
    0.000260612    0.000440530    0.000898767
