 s    16.0   -0.75197848    2.36838605   -0.12840265   31.97207180
 o     8.0   -0.85313242    2.67857729    2.50959546   15.99491464
 o     8.0   -2.79831725    3.00647779   -1.86151915   15.99491464
 c     6.0    2.14100359    3.73598624   -1.21924226   12.00000000
 c     6.0    3.67137753    4.97107611    0.84882357   12.00000000
 c     6.0    2.56281945    3.80081877   -4.19981116   12.00000000
 c     6.0    6.15297219    5.77657379   -0.08627190   12.00000000
 h     1.0    3.61051574    5.44547264    3.32937473    1.00782504
 c     6.0    5.06641254    4.71310325   -5.07509866   12.00000000
 h     1.0    1.28692808    3.22256233   -5.57419981    1.00782504
 c     6.0    6.73723459    5.61151090   -3.10851759   12.00000000
 h     1.0    5.78084654    4.25321475   -7.18785687    1.00782504
 h     1.0    8.80013564    6.28922191   -4.06456134    1.00782504
 c     6.0   -0.50220960   -1.17492190   -0.74423122   12.00000000
 c     6.0   -1.36833213   -2.32400288   -2.96212783   12.00000000
 c     6.0    1.47730583   -2.28009346    0.99329119   12.00000000
 c     6.0   -0.78970044   -4.93269093   -3.30553381   12.00000000
 h     1.0   -2.64249305   -1.29717819   -4.19339655    1.00782504
 c     6.0    2.26592308   -4.73420728    0.62317884   12.00000000
 h     1.0    1.81821361   -1.30524771    2.86453301    1.00782504
 c     6.0    1.00851354   -6.26495679   -1.61973096   12.00000000
 h     1.0   -1.46882959   -5.85251267   -4.90144203    1.00782504
 h     1.0    3.77453869   -5.39827705    2.04648922    1.00782504
 c     6.0    1.85624208   -8.88202723   -2.01201391   12.00000000
 c     6.0    0.14810488  -10.74162490   -3.21936430   12.00000000
 c     6.0    4.55490361   -9.83203857   -1.32819501   12.00000000
 c     6.0    1.17930963  -12.94217460   -3.79428052   12.00000000
 h     1.0   -2.01900056  -10.12100170   -3.97253627    1.00782504
 c     6.0    5.45733733  -12.30335610   -1.98521650   12.00000000
 h     1.0    5.49850703   -8.70024472    0.06854118    1.00782504
 c     6.0    3.79805480  -14.00757180   -3.23935416   12.00000000
 h     1.0    0.21825947  -14.31732810   -4.90571682    1.00782504
 h     1.0    7.53509454  -12.79004110   -1.20369932    1.00782504
 h     1.0    4.63340746  -15.81887160   -3.80241669    1.00782504
 c     6.0    7.75119862    6.73882636    2.24826527   12.00000000
 h     1.0    6.71271785    6.43987474    4.25740479    1.00782504
 h     1.0    9.61083170    4.88988941    2.31195645    1.00782504
 h     1.0    8.42916009    8.78980187    2.27594305    1.00782504
