   -0.000082338   -0.000157063   -0.000191688
   -0.000217875   -0.000172170   -0.000288714
   -0.000142015    0.000104100   -0.000013982
   -0.000107545   -0.000210416   -0.000331189
    0.000695676    0.000160368    0.000132052
    0.000400643    0.000111804   -0.000114999
   -0.000001797    0.000327157   -0.000107954
   -0.000695628   -0.000724086   -0.000389020
    0.000219153    0.000435881   -0.000163412
   -0.000386548   -0.000571714    0.000832417
   -0.000331636   -0.000244570    0.000048386
   -0.000514984   -0.001623383    0.001686444
    0.001612122    0.000658695    0.000451664
    0.000099122    0.000188671    0.000621949
    0.000217874   -0.000254513    0.000120751
   -0.000056404   -0.000445524   -0.000326387
   -0.000101673    0.000206043    0.000176653
    0.000474629    0.001786429    0.001328520
   -0.000214306   -0.000017687    0.000293604
    0.000433166    0.001247128    0.001590266
    0.000115987   -0.000160741    0.000286411
    0.000468964    0.001471019    0.000396944
    0.001917382    0.000978608    0.002162760
    0.000406073   -0.000259196    0.000279760
   -0.000383922    0.000251666    0.000107133
   -0.000364874    0.000356509   -0.000351986
    0.000647095    0.000322787    0.000551026
    0.000965124    0.001207197    0.001513341
    0.000158760   -0.000879949   -0.000344533
   -0.001220520    0.000643791   -0.001350031
   -0.000472359    0.000232862   -0.000446976
   -0.001473594   -0.002682570   -0.000641598
   -0.001360102    0.001331819   -0.000545595
    0.000978112   -0.000260203   -0.000891382
   -0.000443979    0.000004436   -0.000159447
    0.000223798   -0.001686657    0.000218024
   -0.000176461    0.000677393    0.001291300
    0.001347017    0.002129110    0.000021630
