 s    16.0   -0.55518179    2.04024604   -0.09287306   31.97207180
 o     8.0   -0.54778249    2.34260783    2.68280773   15.99491464
 o     8.0   -2.57721134    2.85013518   -1.78229817   15.99491464
 c     6.0    2.11047433    3.85301419   -1.41554965   12.00000000
 c     6.0    3.71231415    5.14540780    0.64361153   12.00000000
 c     6.0    2.69712643    3.51553522   -4.40585981   12.00000000
 c     6.0    5.87368948    6.35370178   -0.08415928   12.00000000
 h     1.0    3.08018087    5.26727102    2.87606350    1.00782504
 c     6.0    4.73925502    5.07144996   -5.11629321   12.00000000
 h     1.0    1.76295090    2.31630951   -6.20128947    1.00782504
 c     6.0    6.19078720    6.31998844   -2.94880888   12.00000000
 h     1.0    5.25400346    5.17365648   -7.31782911    1.00782504
 h     1.0    7.71734784    7.42960990   -3.67671694    1.00782504
 c     6.0    0.17452678   -1.33716887   -0.60875282   12.00000000
 c     6.0   -0.53027283   -2.34486813   -2.90666342   12.00000000
 c     6.0    1.50632294   -2.59668959    1.25152775   12.00000000
 c     6.0    0.13206365   -4.74705354   -3.43236090   12.00000000
 h     1.0   -1.43154144   -1.21624176   -4.33671572    1.00782504
 c     6.0    2.06506698   -5.26573208    0.74040733   12.00000000
 h     1.0    2.07733256   -1.65429508    3.00263930    1.00782504
 c     6.0    1.40051783   -6.37460065   -1.63617709   12.00000000
 h     1.0   -0.16265825   -5.29557191   -5.58041544    1.00782504
 h     1.0    2.93191596   -6.28004665    2.37397782    1.00782504
 c     6.0    1.91619319   -9.01871276   -2.17998423   12.00000000
 c     6.0    0.34292785  -10.40320980   -3.73415948   12.00000000
 c     6.0    4.32843152  -10.08006960   -1.41889241   12.00000000
 c     6.0    0.72584784  -12.93885100   -3.96574309   12.00000000
 h     1.0   -1.35904003   -9.29340127   -4.65309351    1.00782504
 c     6.0    4.72614667  -12.67608260   -1.58423330   12.00000000
 h     1.0    5.63703593   -8.91651768   -0.46635688    1.00782504
 c     6.0    2.66726057  -14.23665900   -2.90995513   12.00000000
 h     1.0   -0.95289726  -14.23105970   -4.45687920    1.00782504
 h     1.0    6.42541207  -12.92818130   -0.76183942    1.00782504
 h     1.0    3.14116619  -16.43308000   -2.96511796    1.00782504
 c     6.0    7.42966119    7.84492696    2.20269634   12.00000000
 h     1.0    6.40730363    8.20526873    4.63334520    1.00782504
 h     1.0    9.29190624    6.10645831    2.55872141    1.00782504
 h     1.0    8.58074510    9.95723636    1.04041797    1.00782504
