   -0.000009007    0.000175184   -0.000091513
    0.000185313   -0.000015281    0.000230339
    0.000111713   -0.000311118    0.000263389
   -0.000359197    0.000137763   -0.000711918
   -0.000281864   -0.000031235   -0.000227784
    0.000107109    0.000154097   -0.000010280
    0.000400291    0.000638701    0.000208319
   -0.000665084   -0.001888826    0.002583334
   -0.000303209   -0.000392887   -0.000090282
    0.001279977    0.000409989    0.000569632
   -0.000103111   -0.000464534    0.000411679
   -0.002816166   -0.001968029   -0.000174683
   -0.000389614    0.001230159   -0.001940021
   -0.000131182   -0.000620241   -0.000079335
    0.000239843   -0.000108476   -0.000121123
    0.000330682    0.000330293    0.000045825
    0.000290126    0.000631213   -0.000045910
    0.000350501   -0.002202730    0.001643624
    0.000060786    0.000471690    0.000035957
   -0.001033023    0.002135756    0.002515355
   -0.000310201   -0.000422240   -0.000470701
    0.000374711    0.000414093    0.000433346
    0.000484022    0.000041140   -0.000535312
    0.000235507    0.000516016   -0.000160685
   -0.000050266   -0.000369196    0.000331918
   -0.000337247   -0.000280649   -0.000044697
    0.000458524    0.000181395   -0.000223277
   -0.000913912   -0.000415270   -0.001494318
   -0.000443369    0.000049913    0.000003070
    0.001218096   -0.001146242    0.000952956
    0.000082412    0.000426508    0.000306331
   -0.000656261    0.000750700   -0.001049491
    0.000904020   -0.000474595   -0.000306248
   -0.001543814   -0.002162329    0.000351638
   -0.000048276   -0.000149871   -0.000034629
    0.000960764   -0.001168654    0.000593073
   -0.000012617   -0.000937711    0.001483083
   -0.000031944   -0.001330485   -0.000097099
