 s    16.0   -0.72344678    2.17513192   -0.34522849   31.97207180
 o     8.0   -1.07841874    2.54372283    2.30858807   15.99491464
 o     8.0   -2.77529021    2.88547435   -2.00066699   15.99491464
 c     6.0    2.03912713    3.98839409   -1.44286940   12.00000000
 c     6.0    3.87968216    4.27137806    0.56974079   12.00000000
 c     6.0    1.98723875    5.01894061   -3.78145527   12.00000000
 c     6.0    6.22815086    5.44513595   -0.19950521   12.00000000
 h     1.0    3.60234844    3.74876115    2.35807654    1.00782504
 c     6.0    4.21865029    6.41146762   -4.40851079   12.00000000
 h     1.0    0.33615884    4.94508330   -5.57169196    1.00782504
 c     6.0    6.30048842    6.47685404   -2.58018071   12.00000000
 h     1.0    4.53776705    7.56332039   -5.80019853    1.00782504
 h     1.0    7.97891344    7.55873825   -3.18983128    1.00782504
 c     6.0    0.15386203   -1.04569248   -0.87239990   12.00000000
 c     6.0   -0.56270895   -2.38369978   -3.18521903   12.00000000
 c     6.0    1.06468959   -2.47082114    1.12062590   12.00000000
 c     6.0    0.10149153   -4.97478193   -3.53282249   12.00000000
 h     1.0   -1.18652226   -1.20504925   -4.89827346    1.00782504
 c     6.0    1.70993858   -5.00231152    0.63321770   12.00000000
 h     1.0    1.21294610   -1.46752391    2.71368442    1.00782504
 c     6.0    1.23797003   -6.29783217   -1.67579610   12.00000000
 h     1.0    0.08096614   -5.89092059   -5.35777484    1.00782504
 h     1.0    3.14006863   -6.27533789    2.24168155    1.00782504
 c     6.0    1.88463163   -9.05467585   -1.89649353   12.00000000
 c     6.0    0.23283807  -10.79734050   -3.10624183   12.00000000
 c     6.0    4.44376035   -9.89670678   -1.23537587   12.00000000
 c     6.0    0.99857640  -13.17300440   -3.57267339   12.00000000
 h     1.0   -1.69106160   -9.95810472   -3.68605779    1.00782504
 c     6.0    5.26307294  -12.46560470   -1.55739635   12.00000000
 h     1.0    6.07334708   -8.32095935   -0.57030399    1.00782504
 c     6.0    3.47523357  -14.12373540   -2.80305617   12.00000000
 h     1.0   -0.33466226  -14.73114940   -4.20182912    1.00782504
 h     1.0    7.46809969  -12.97512390   -0.82726605    1.00782504
 h     1.0    3.90469343  -16.27625890   -3.14818621    1.00782504
 c     6.0    8.55581555    5.82441923    1.49791012   12.00000000
 h     1.0    8.24538858    5.74512379    3.76513147    1.00782504
 h     1.0   10.09282930    4.15592872    1.29832529    1.00782504
 h     1.0    9.89504554    7.52388883    0.73289342    1.00782504
