    0.000169922    0.000093870   -0.000090022
   -0.000281072    0.000039435   -0.000348703
   -0.000036052   -0.000159183    0.000039187
   -0.000082037   -0.000015265    0.000091920
    0.000765413   -0.000174831    0.000245108
   -0.000182607    0.000087484    0.000049360
   -0.000371369    0.000276065   -0.000121700
   -0.000170496    0.002357390    0.000528596
    0.000007250    0.000077691   -0.000105775
   -0.002228120    0.000010480   -0.001658142
    0.000109273   -0.000162798    0.000565188
    0.000029870    0.000392288    0.001004691
   -0.000157439   -0.001142298    0.000111606
    0.000056775   -0.000091677    0.000234384
   -0.000038995   -0.000170165    0.000248697
   -0.000054974    0.000168335    0.000367182
    0.000036637   -0.000160705   -0.000198457
   -0.000004342   -0.002024954    0.001684152
    0.000003688   -0.000278504   -0.000188406
    0.001674541   -0.000592720    0.001563152
    0.000537219   -0.000331756   -0.000211782
   -0.000321629    0.001322810   -0.000313357
   -0.001464160    0.001131245   -0.001696082
   -0.000477818    0.000357372   -0.000416394
   -0.000115508    0.000106004   -0.000124408
   -0.000237242   -0.000007675   -0.000238246
    0.000406303    0.000196720    0.000519890
   -0.000748247    0.001656233    0.000633933
   -0.000208773    0.000383129    0.000218146
    0.001216409   -0.000777680    0.000814845
   -0.000246019   -0.000130322   -0.000207481
    0.001102707   -0.000008904   -0.001029147
    0.002913171   -0.000819461    0.000480461
    0.000216251   -0.001420713    0.001982746
    0.000075555   -0.000130947   -0.000173343
    0.000211601   -0.001383033   -0.001845047
   -0.001240121   -0.000523889    0.000152458
   -0.001197652    0.000758701   -0.001240359
