 s    16.0   -0.70160047    2.11658987   -0.19372804   31.97207180
 o     8.0   -0.99383926    2.72286282    2.49192006   15.99491464
 o     8.0   -2.62374231    2.94575538   -1.98630556   15.99491464
 c     6.0    2.23321949    3.69000096   -1.30332011   12.00000000
 c     6.0    3.67398452    4.99272442    0.80479809   12.00000000
 c     6.0    2.96184127    3.82891747   -4.17971226   12.00000000
 c     6.0    5.86092641    6.29576872    0.04974112   12.00000000
 h     1.0    3.32740554    4.71670519    2.96747707    1.00782504
 c     6.0    5.09829015    5.00438534   -4.98923836   12.00000000
 h     1.0    1.65875025    2.89136636   -6.06115948    1.00782504
 c     6.0    6.54515919    5.95854740   -2.99389031   12.00000000
 h     1.0    5.81756578    4.87273959   -7.18450283    1.00782504
 h     1.0    8.31038340    6.71349499   -3.61047228    1.00782504
 c     6.0    0.10280416   -1.20992134   -0.61199839   12.00000000
 c     6.0   -1.33023398   -2.51240979   -2.74391506   12.00000000
 c     6.0    2.21756399   -2.49189007    1.10776858   12.00000000
 c     6.0   -0.81611517   -5.04836478   -3.26076150   12.00000000
 h     1.0   -2.77839574   -1.71241192   -3.91314209    1.00782504
 c     6.0    2.64319175   -4.93702889    0.69753191   12.00000000
 h     1.0    3.22997516   -1.69519837    2.84081827    1.00782504
 c     6.0    1.25770506   -6.27689196   -1.72303758   12.00000000
 h     1.0   -1.79824958   -5.80511097   -5.01360941    1.00782504
 h     1.0    4.03310499   -6.05150384    2.14683999    1.00782504
 c     6.0    1.91338259   -9.13373426   -1.99624026   12.00000000
 c     6.0    0.11645101  -10.63354710   -3.49272924   12.00000000
 c     6.0    4.14371619  -10.01339560   -1.25005968   12.00000000
 c     6.0    0.89227797  -13.17047580   -4.04977319   12.00000000
 h     1.0   -1.63214595  -10.30218770   -4.27749652    1.00782504
 c     6.0    4.86940682  -12.50765380   -1.76873130   12.00000000
 h     1.0    5.18966019   -8.68421391   -0.17541612    1.00782504
 c     6.0    3.25161487  -14.26363650   -3.23562026   12.00000000
 h     1.0   -0.41911159  -14.85302410   -4.97309953    1.00782504
 h     1.0    7.01475722  -13.54746090   -1.39748826    1.00782504
 h     1.0    3.63829948  -16.28941790   -3.64057219    1.00782504
 c     6.0    7.51505129    7.90860147    2.26660928   12.00000000
 h     1.0    7.17891643    7.12288104    4.02819509    1.00782504
 h     1.0   10.06594780    8.02971527    1.47658335    1.00782504
 h     1.0    6.81800939   10.01983390    2.36229423    1.00782504
