    0.000055681   -0.000008472   -0.000092524
    0.000162454    0.000157065   -0.000131905
    0.000054919   -0.000083301   -0.000203658
   -0.000118506   -0.000105745    0.000306256
   -0.000103146   -0.000081907   -0.000262793
    0.000116620    0.000669543   -0.000147903
    0.000302671    0.000117011    0.000778752
   -0.000547346    0.001283966   -0.000762074
   -0.000398405   -0.000068797   -0.000318066
   -0.000562467    0.000981902    0.001139150
   -0.000067815    0.000140111   -0.000332605
   -0.000375990   -0.000181616    0.001838323
   -0.001411687    0.000767661    0.001469774
    0.000390546    0.000393972   -0.000218925
   -0.000132953   -0.000230439   -0.000407471
   -0.000296488    0.000122407    0.000294997
    0.000392274   -0.000338087    0.000578290
    0.001394560   -0.003036039    0.003487776
    0.000222042   -0.000403639    0.000052555
    0.001661954    0.000840525    0.000589745
   -0.000166648   -0.000425256   -0.000093401
   -0.000068252    0.001311586    0.002629670
   -0.002306569    0.001986283   -0.001637768
   -0.000126651    0.000047755   -0.000384174
   -0.000122554   -0.000079240    0.000534786
   -0.000098200   -0.000329999    0.000008948
    0.000166921    0.000343038    0.000303637
    0.000084661   -0.001142791   -0.001788808
   -0.000013903   -0.000167992   -0.000473355
    0.002452407    0.000127061    0.002096011
   -0.000387979   -0.000072450   -0.000073764
    0.000505350   -0.000515741   -0.001313410
    0.000352327    0.001371046   -0.000439117
   -0.000930262   -0.001712546   -0.001435083
   -0.000187285    0.000169458   -0.000012752
   -0.001585491   -0.000273270   -0.000556858
    0.001149855    0.000033602    0.002073886
    0.002466187    0.000834698   -0.000708125
