 s    16.0   -0.65920380    2.10258512   -0.12486488   31.97207180
 o     8.0   -1.03213645    2.63862203    2.53500581   15.99491464
 o     8.0   -2.81988412    2.39308197   -2.00855645   15.99491464
 c     6.0    1.98588322    4.02562363   -1.33620717   12.00000000
 c     6.0    4.33672385    3.72447482   -0.10861480   12.00000000
 c     6.0    1.36802051    5.98607013   -3.40358389   12.00000000
 c     6.0    6.37257546    5.08247945   -0.97529714   12.00000000
 h     1.0    4.10582711    2.38982439    1.79573976    1.00782504
 c     6.0    3.20481935    7.60727201   -4.16100961   12.00000000
 h     1.0   -0.98219962    6.60237413   -4.10965445    1.00782504
 c     6.0    5.59540418    7.18187996   -3.00875700   12.00000000
 h     1.0    2.83934855    9.07064129   -5.52614846    1.00782504
 h     1.0    6.95780377    8.49473263   -3.18704450    1.00782504
 c     6.0    0.40586039   -1.11545207   -0.71339565   12.00000000
 c     6.0    0.90941517   -1.97625042   -3.31175381   12.00000000
 c     6.0    0.09912746   -2.88563189    1.37904126   12.00000000
 c     6.0    1.44876467   -4.68846984   -3.61684347   12.00000000
 h     1.0    0.55165788   -1.22986267   -5.18932386    1.00782504
 c     6.0    0.74811209   -5.35879907    1.18149859   12.00000000
 h     1.0   -0.58053867   -1.96992406    3.31367559    1.00782504
 c     6.0    1.38038397   -6.24468667   -1.25023837   12.00000000
 h     1.0    2.23190275   -4.87822185   -5.76520285    1.00782504
 h     1.0    0.66757875   -6.58499871    2.92994607    1.00782504
 c     6.0    2.04389682   -8.98078179   -1.64304080   12.00000000
 c     6.0    1.23804588  -10.13532320   -4.12735259   12.00000000
 c     6.0    3.40240685  -10.49087760    0.43171999   12.00000000
 c     6.0    1.85044492  -12.72082970   -4.73376115   12.00000000
 h     1.0    0.10903827   -8.74774681   -6.04633412    1.00782504
 c     6.0    4.26865528  -12.96954910   -0.48929029   12.00000000
 h     1.0    4.17990225   -9.34611105    2.17721265    1.00782504
 c     6.0    3.41549750  -14.02130000   -2.89872428   12.00000000
 h     1.0    1.14647717  -13.26374100   -6.79577908    1.00782504
 h     1.0    5.69075513  -13.94725900    0.65564609    1.00782504
 h     1.0    3.93951555  -15.95448790   -3.94367926    1.00782504
 c     6.0    9.19028786    4.49890324    0.25876133   12.00000000
 h     1.0    8.79735690    4.16757755    2.34369055    1.00782504
 h     1.0   10.13235810    2.60567355   -0.98023345    1.00782504
 h     1.0   10.88245880    6.19297698   -0.35595582    1.00782504
