 s    16.0   -0.44594471    2.04274987   -0.51816965   31.97207180
 o     8.0   -0.77915468    2.35736164    2.23542341   15.99491464
 o     8.0   -2.53667312    2.58493456   -2.23067511   15.99491464
 c     6.0    2.34897629    3.93753355   -1.30923320   12.00000000
 c     6.0    4.15502639    4.62938273    0.50883288   12.00000000
 c     6.0    2.49524069    4.73088462   -3.75442658   12.00000000
 c     6.0    6.03151023    6.41604274   -0.04494954   12.00000000
 h     1.0    3.96799549    4.08386938    2.72226245    1.00782504
 c     6.0    4.48073096    6.48290314   -4.34232854   12.00000000
 h     1.0    1.06533059    4.22190818   -4.86526417    1.00782504
 c     6.0    6.31499118    7.40723458   -2.66156095   12.00000000
 h     1.0    4.38770381    7.35221970   -6.20882358    1.00782504
 h     1.0    7.87940926    8.69638907   -2.69559003    1.00782504
 c     6.0    0.31944884   -1.29619901   -0.91633359   12.00000000
 c     6.0   -0.67571906   -2.56475302   -3.21136747   12.00000000
 c     6.0    1.19234251   -2.80201501    1.08654654   12.00000000
 c     6.0   -0.14602783   -5.17510026   -3.60242446   12.00000000
 h     1.0   -1.58831518   -1.64575184   -4.66125858    1.00782504
 c     6.0    1.62417907   -5.28381586    0.70864229   12.00000000
 h     1.0    1.82980196   -1.84764503    2.75430507    1.00782504
 c     6.0    1.15968985   -6.53883614   -1.65916911   12.00000000
 h     1.0   -0.26517126   -6.11119963   -5.38765988    1.00782504
 h     1.0    2.26626613   -6.57728073    2.20692114    1.00782504
 c     6.0    1.79333439   -9.23308971   -2.10442042   12.00000000
 c     6.0   -0.31551279  -10.97333590   -2.73449632   12.00000000
 c     6.0    4.72559266  -10.03045930   -1.73186182   12.00000000
 c     6.0    0.13911811  -13.55448220   -2.96514589   12.00000000
 h     1.0   -2.27240795  -10.53335200   -2.91015501    1.00782504
 c     6.0    5.37281548  -12.47821960   -2.04385296   12.00000000
 h     1.0    6.48826109   -8.07407966   -1.31555101    1.00782504
 c     6.0    3.10484901  -14.34400970   -2.73045723   12.00000000
 h     1.0   -1.41292501  -14.88221300   -3.67994230    1.00782504
 h     1.0    7.47037388  -12.80670930   -1.69044790    1.00782504
 h     1.0    3.77086581  -16.26076740   -3.09577086    1.00782504
 c     6.0    8.01722720    7.11389791    2.10618469   12.00000000
 h     1.0    7.81017058    5.15109631    3.83880070    1.00782504
 h     1.0   10.29802930    7.44706903    0.38230116    1.00782504
 h     1.0    7.10192622    9.60829749    3.31079417    1.00782504
