   -0.000038993    0.000148930    0.000163682
    0.000127834    0.000122652   -0.000244204
   -0.000141403   -0.000260395   -0.000077379
   -0.000275896    0.000026290   -0.000379793
   -0.000059980   -0.000267281   -0.000149666
   -0.000234404    0.000083903   -0.000017417
    0.000391991   -0.000167273    0.000522537
    0.001485343    0.001043704   -0.001009910
   -0.000378179   -0.000166666    0.000456389
    0.002159614    0.000243212    0.003350645
    0.000335766    0.000148258   -0.000106031
    0.000741876   -0.002112824   -0.000302841
   -0.002385452   -0.002315157    0.001827790
   -0.000037912    0.000156378   -0.000314761
    0.000238507   -0.000038590    0.000070425
    0.000410420    0.000032656    0.000016306
   -0.000124261   -0.000137939   -0.000287065
    0.000968610    0.000832367   -0.001334991
    0.000284830    0.000097310   -0.000733896
   -0.002126244   -0.001062949    0.003002316
   -0.000015884    0.000268962    0.000289526
    0.000835087    0.001260720    0.002035520
   -0.000159773   -0.002128779    0.004218548
   -0.000159966    0.000434702    0.000251637
   -0.000407476   -0.000587342   -0.000294210
    0.000094980   -0.000346288   -0.000349471
   -0.000286393    0.000184800   -0.000142505
    0.002325154   -0.000465405    0.000967838
   -0.000126678    0.000387921   -0.000079771
    0.000159989    0.001718814   -0.001093164
    0.000352228    0.000260497    0.000369811
    0.000389874    0.001103336    0.000349457
    0.000363106   -0.000439782    0.002028017
    0.000040525   -0.002942855    0.000361886
   -0.000382024   -0.000024829   -0.000461088
   -0.002023172   -0.002738454    0.003514018
    0.002397325   -0.000586052   -0.000006547
    0.000815569    0.001923065   -0.002055689
