 s    16.0   -0.75617438    2.18454957   -0.38655696   31.97207180
 o     8.0   -0.85782439    2.71752682    2.31319926   15.99491464
 o     8.0   -2.83483191    2.93566287   -2.10351773   15.99491464
 c     6.0    2.18455827    3.57538664   -1.43594703   12.00000000
 c     6.0    3.90298855    4.11032240    0.51690529   12.00000000
 c     6.0    2.46116827    4.26057344   -3.99809852   12.00000000
 c     6.0    6.08561324    5.38588469   -0.08442665   12.00000000
 h     1.0    3.23321947    3.67055229    2.64875355    1.00782504
 c     6.0    4.82510926    5.51165028   -4.61740353   12.00000000
 h     1.0    1.07321898    3.85728019   -5.58336825    1.00782504
 c     6.0    6.48554301    6.07343414   -2.65708057   12.00000000
 h     1.0    5.06928857    6.32686333   -6.70008797    1.00782504
 h     1.0    8.36003682    7.00959271   -2.87283464    1.00782504
 c     6.0   -0.18748423   -1.10471564   -0.81172559   12.00000000
 c     6.0   -0.73921977   -2.29896408   -3.00351572   12.00000000
 c     6.0    1.15887976   -2.49806438    1.19282144   12.00000000
 c     6.0   -0.34540447   -4.91778444   -3.36989729   12.00000000
 h     1.0   -1.66472141   -1.07483059   -4.37837129    1.00782504
 c     6.0    1.68375148   -5.09599917    0.94485297   12.00000000
 h     1.0    1.88547740   -1.31857322    2.66434519    1.00782504
 c     6.0    0.83842382   -6.18485743   -1.25135838   12.00000000
 h     1.0   -1.05592949   -6.02439858   -5.26706688    1.00782504
 h     1.0    3.13596407   -5.92803449    2.72153225    1.00782504
 c     6.0    1.65648633   -8.81737765   -1.81002458   12.00000000
 c     6.0   -0.16860682  -10.75023690   -2.84005994   12.00000000
 c     6.0    4.62190863   -9.39452691   -1.50006558   12.00000000
 c     6.0    1.02619826  -13.29287390   -3.56626724   12.00000000
 h     1.0   -2.60458999  -10.21723940   -3.11524044    1.00782504
 c     6.0    5.64519154  -11.87350110   -2.06424515   12.00000000
 h     1.0    6.12801514   -7.93266895   -1.26617223    1.00782504
 c     6.0    3.96055342  -13.69265890   -3.26612211   12.00000000
 h     1.0   -0.65959723  -14.61765340   -4.28939264    1.00782504
 h     1.0    7.72578857  -12.04099950   -1.75504307    1.00782504
 h     1.0    4.52176432  -15.68422890   -3.88874628    1.00782504
 c     6.0    8.14888187    6.31274406    1.85816049   12.00000000
 h     1.0    7.92194913    4.69904789    3.57175025    1.00782504
 h     1.0   10.48460470    6.48242723    1.00683530    1.00782504
 h     1.0    7.90650852    8.34493136    2.07815406    1.00782504
