    0.000119245   -0.000082111   -0.000251295
    0.000060287    0.000000619    0.000164663
    0.000199348    0.000279562    0.000221009
    0.000127695    0.000142213   -0.000246268
    0.000039117   -0.000040914    0.000243959
   -0.000584892   -0.000529096   -0.000119452
   -0.000072414    0.000111316   -0.000170936
   -0.000634456   -0.000865407   -0.001974521
    0.000053914   -0.000163165    0.000046195
    0.000475399   -0.000518881    0.002248524
    0.000446669    0.000300335    0.000502470
   -0.002289304   -0.000447616   -0.002113346
   -0.000910590   -0.000677916   -0.000320861
   -0.000306627    0.000185474    0.000016072
    0.000254613   -0.000054003    0.000441392
   -0.000001364   -0.000334160   -0.000685022
   -0.000186217    0.000455418    0.000041815
   -0.002150333   -0.000527784   -0.001402801
   -0.000253521   -0.000033410    0.000365234
   -0.000760468    0.001085374    0.002914385
   -0.000315914    0.000111825    0.000090209
    0.000755352   -0.002813117   -0.002860260
    0.000640545    0.001158404   -0.000132559
    0.000742484   -0.000154644   -0.000071889
   -0.000159507    0.000467930    0.000085903
   -0.000072025    0.000016496    0.000145299
    0.000008264   -0.000039823    0.000098480
    0.000312253    0.000678588   -0.002861443
    0.000258000    0.000165900   -0.000020893
    0.000525622   -0.000415858    0.000911774
    0.000071735   -0.000285686   -0.000163012
    0.001245038    0.000214602    0.001499797
   -0.001314398   -0.000481294    0.000689151
   -0.002416025    0.001521233   -0.001071656
   -0.000208154   -0.000091700    0.000416205
    0.001978714   -0.000650545   -0.003135215
    0.000024891   -0.001515538    0.000647624
   -0.001510612   -0.000323444   -0.003271453
