 s    16.0   -0.19646906    1.92273606   -0.02532280   31.97207180
 o     8.0   -0.41849669    2.36075070    2.69533498   15.99491464
 o     8.0   -2.24908663    2.54475100   -1.65618632   15.99491464
 c     6.0    2.17207754    3.90869265   -1.21421631   12.00000000
 c     6.0    3.81360334    5.32125999    0.63735181   12.00000000
 c     6.0    2.35010665    3.93939096   -4.06481261   12.00000000
 c     6.0    5.73754662    6.89471589   -0.31414311   12.00000000
 h     1.0    3.26370024    5.38275338    2.63683586    1.00782504
 c     6.0    4.32077313    5.60750138   -4.97207397   12.00000000
 h     1.0    0.90201440    3.29792994   -5.48768576    1.00782504
 c     6.0    5.99484314    6.93669703   -3.12742411   12.00000000
 h     1.0    4.17074959    5.47300717   -7.32888558    1.00782504
 h     1.0    7.51833787    8.25978752   -3.94941117    1.00782504
 c     6.0    0.63537487   -1.21592071   -0.60919577   12.00000000
 c     6.0    0.42100404   -2.21595095   -3.16152494   12.00000000
 c     6.0    1.31606647   -2.96106331    1.33855116   12.00000000
 c     6.0    0.42537304   -4.92287323   -3.46469156   12.00000000
 h     1.0   -0.02871628   -1.21692752   -4.94574412    1.00782504
 c     6.0    1.73061055   -5.47421830    0.92723881   12.00000000
 h     1.0    1.35946318   -2.48616859    3.52441258    1.00782504
 c     6.0    1.33089479   -6.50392231   -1.53815106   12.00000000
 h     1.0   -0.13089904   -6.08188537   -5.07078047    1.00782504
 h     1.0    2.24356892   -6.70584897    2.58216951    1.00782504
 c     6.0    1.75592209   -9.31940368   -2.13964983   12.00000000
 c     6.0    0.45872970  -10.57122000   -4.19730084   12.00000000
 c     6.0    3.32071326  -10.65044970   -0.55592089   12.00000000
 c     6.0    1.02048832  -13.13244670   -4.65031723   12.00000000
 h     1.0   -0.79336963   -9.48199738   -5.80265176    1.00782504
 c     6.0    3.85521803  -13.20322490   -1.01774688   12.00000000
 h     1.0    4.05155239   -9.54526124    1.04832526    1.00782504
 c     6.0    2.69916074  -14.48225840   -3.24761180   12.00000000
 h     1.0    0.09021638  -14.05844400   -6.31951808    1.00782504
 h     1.0    5.08160142  -14.26644540    0.06499353    1.00782504
 h     1.0    3.36357945  -16.58276420   -2.98277537    1.00782504
 c     6.0    7.53151395    8.74119087    1.61032148   12.00000000
 h     1.0    6.83845382    9.37709803    4.09194404    1.00782504
 h     1.0    9.46915767    7.22004159    2.34977458    1.00782504
 h     1.0    8.03852672   10.62593320    0.30950676    1.00782504
