    0.000168763   -0.000123905    0.000090213
   -0.000059406    0.000337744    0.000183574
    0.000019936    0.000118312   -0.000131248
   -0.000159579    0.000070347    0.000147392
   -0.000116774   -0.000053203   -0.000193411
    0.000007542   -0.000099992   -0.000244284
   -0.000478150   -0.000643432    0.000140733
    0.000561224   -0.000054949   -0.000784132
    0.000118254    0.000070559   -0.000228001
   -0.001671737    0.000578288   -0.001425402
    0.000346201    0.000371887    0.000261931
   -0.001418920    0.002159011    0.000929845
   -0.001046158    0.000235294   -0.000653231
    0.000442717   -0.000316390    0.000167012
    0.000239923   -0.000211298    0.000474311
   -0.000059089    0.000082731   -0.000293052
    0.000133905    0.000489130   -0.000080655
   -0.001447278   -0.000022244   -0.001066587
   -0.000144819    0.000461224    0.000170252
   -0.000242585   -0.000028845    0.000455746
   -0.000037706   -0.000214056   -0.000235054
    0.001197314   -0.002519186   -0.002349204
    0.000364225    0.000356534    0.001051547
   -0.000417260   -0.000502849    0.000015464
    0.000137720    0.000370970    0.000105092
    0.000171780    0.000567576   -0.000172069
   -0.000139474   -0.000219202    0.000083020
    0.001824141    0.001550725    0.001799168
   -0.000005827   -0.000885013    0.000217356
   -0.000776739   -0.001488316   -0.001787355
    0.000296091   -0.000083495   -0.000312591
   -0.000445466    0.000343994   -0.000022053
   -0.000313689    0.000252998    0.000809516
   -0.002260329    0.004257317    0.000611820
    0.000012369   -0.000048533   -0.000315356
    0.000268912    0.000638932   -0.000919699
   -0.002705055   -0.000541694    0.001514883
   -0.000775893    0.000436248    0.001614690
