 s    16.0   -0.61116531    2.01576323   -0.30226601   31.97207180
 o     8.0   -0.84848134    2.36844781    2.58717850   15.99491464
 o     8.0   -2.91699909    2.72055440   -1.89756830   15.99491464
 c     6.0    2.10448371    3.82301561   -1.28581046   12.00000000
 c     6.0    3.91684370    4.28107855    0.48121746   12.00000000
 c     6.0    2.08331063    4.71393558   -3.80517055   12.00000000
 c     6.0    5.97984043    5.78031229   -0.22693550   12.00000000
 h     1.0    3.20478349    3.92507963    2.37942790    1.00782504
 c     6.0    4.34707828    5.98648160   -4.38774531   12.00000000
 h     1.0    0.52672703    4.13519050   -5.33014199    1.00782504
 c     6.0    6.13724601    6.54732202   -2.75725697   12.00000000
 h     1.0    4.15433397    6.61789843   -6.19830867    1.00782504
 h     1.0    7.76879422    7.74058803   -3.40261146    1.00782504
 c     6.0    0.31435917   -0.99943099   -1.09338442   12.00000000
 c     6.0    0.00582039   -2.12963533   -3.44804225   12.00000000
 c     6.0    1.31244054   -2.49669557    0.91465368   12.00000000
 c     6.0    0.35665883   -4.77476078   -3.50930271   12.00000000
 h     1.0   -1.10081909   -1.17738068   -5.04782797    1.00782504
 c     6.0    2.13567697   -4.98080461    0.76179524   12.00000000
 h     1.0    1.82046727   -1.37781278    2.79988692    1.00782504
 c     6.0    1.46749927   -6.26505904   -1.60183770   12.00000000
 h     1.0   -0.36565847   -5.70575705   -5.02318394    1.00782504
 h     1.0    3.20361951   -6.15370356    2.39842860    1.00782504
 c     6.0    1.92181681   -9.02324754   -1.85292127   12.00000000
 c     6.0    0.10200868  -10.56514020   -3.33967379   12.00000000
 c     6.0    4.14495567  -10.02717790   -0.85267664   12.00000000
 c     6.0    0.85014979  -13.09702150   -3.72057129   12.00000000
 h     1.0   -1.97080750   -9.92136054   -4.14326758    1.00782504
 c     6.0    4.72041905  -12.64650150   -1.38190931   12.00000000
 h     1.0    5.41798221   -8.72237480    0.01983841    1.00782504
 c     6.0    3.26390148  -13.96595880   -3.00451718   12.00000000
 h     1.0   -0.26862676  -14.40803370   -5.06031143    1.00782504
 h     1.0    6.74805919  -13.79206910   -0.57595754    1.00782504
 h     1.0    3.66577093  -16.09115240   -3.46459931    1.00782504
 c     6.0    8.01378485    6.48707560    1.48593227   12.00000000
 h     1.0    6.68168207    7.38162201    3.90480837    1.00782504
 h     1.0    9.02346961    3.36760372    2.25170833    1.00782504
 h     1.0   10.28088430    8.09925400    0.02173181    1.00782504
