   -0.000178242   -0.000183695   -0.000362359
    0.000327474   -0.000157073    0.000777334
    0.000213070    0.000094563    0.000110084
   -0.000594953   -0.000315797   -0.000072967
   -0.000073324   -0.000059994   -0.000309963
    0.000631763    0.000079692   -0.000095474
   -0.000680486   -0.000295859   -0.000161274
    0.001632263   -0.000144778    0.001001658
    0.000782611    0.000705036    0.000055689
   -0.003392524   -0.001493012   -0.001218829
   -0.000312631   -0.000215183   -0.000050522
   -0.001085616   -0.000429178    0.001182317
    0.000250959    0.000097167   -0.000613578
   -0.000257738    0.000413541    0.000107085
   -0.000528326    0.000461647   -0.000398148
    0.000566976   -0.000469406    0.000149894
    0.000159884   -0.000130136   -0.000225714
    0.003369206   -0.003436901    0.001074499
    0.000406568    0.000355259    0.000119194
   -0.001006148    0.000240178   -0.002054108
   -0.000205215    0.000630365    0.000025687
    0.001812770   -0.001066882    0.000596853
   -0.001540718    0.000480330    0.000494042
    0.000258042   -0.000238062    0.000430364
   -0.000140735   -0.000118072   -0.000044895
   -0.000151177   -0.000150998   -0.000070415
   -0.000233105    0.000324388    0.000029029
   -0.000975723   -0.000025542    0.000363863
   -0.000171873    0.000587899   -0.000186514
   -0.000466674   -0.001106547   -0.001409845
    0.000492216   -0.000193670    0.000399882
   -0.001699456   -0.000710258   -0.001292125
   -0.000463737   -0.001622143   -0.000256912
    0.000576944    0.001418804   -0.000261223
   -0.000039595   -0.000291487    0.000280803
   -0.000445780    0.000988481    0.000151222
    0.000743363    0.000290579    0.000117279
    0.000868635    0.000496110   -0.000215582
