 s    16.0   -0.63778697    2.01578943   -0.18409622   31.97207180
 o     8.0   -0.65211186    2.28023953    2.62673017   15.99491464
 o     8.0   -2.79040520    2.68098379   -1.93702444   15.99491464
 c     6.0    1.95422964    3.98468403   -1.35542224   12.00000000
 c     6.0    4.10118752    3.88304961    0.17956815   12.00000000
 c     6.0    1.59118597    5.33632127   -3.57837054   12.00000000
 c     6.0    5.96257378    5.57441869   -0.60255021   12.00000000
 h     1.0    4.14610731    2.70139054    2.00502374    1.00782504
 c     6.0    3.67454791    6.84608686   -4.38609370   12.00000000
 h     1.0   -0.23512809    5.40918162   -4.72407468    1.00782504
 c     6.0    5.86222547    6.76500339   -2.85983821   12.00000000
 h     1.0    3.61272291    7.84076345   -5.91097112    1.00782504
 h     1.0    7.24713619    8.36798775   -3.07089748    1.00782504
 c     6.0    0.28047034   -1.19393999   -0.69895310   12.00000000
 c     6.0    0.32837073   -2.14930379   -3.30253194   12.00000000
 c     6.0    1.23957144   -2.69906731    1.23544876   12.00000000
 c     6.0    0.82969201   -4.55083392   -3.79095323   12.00000000
 h     1.0   -0.85886252   -1.02261371   -4.96228865    1.00782504
 c     6.0    1.89113700   -5.09080944    0.62048778   12.00000000
 h     1.0    1.59690287   -1.65778573    2.91132090    1.00782504
 c     6.0    1.76909803   -6.19350542   -1.82669512   12.00000000
 h     1.0    0.77060120   -5.20070973   -5.80521458    1.00782504
 h     1.0    2.38856649   -6.60681991    2.05701686    1.00782504
 c     6.0    2.10325902   -9.07894939   -1.97936496   12.00000000
 c     6.0    0.84483340  -10.33773530   -4.21326940   12.00000000
 c     6.0    3.64473912  -10.22699400   -0.34809594   12.00000000
 c     6.0    1.22487428  -12.89968780   -4.23455624   12.00000000
 h     1.0   -0.31544179   -9.04279642   -5.54302348    1.00782504
 c     6.0    4.12737469  -12.98760440   -0.45869036   12.00000000
 h     1.0    4.74387396   -9.38147154    1.36183184    1.00782504
 c     6.0    2.93141863  -14.15400810   -2.37853186   12.00000000
 h     1.0    0.59351224  -13.88953410   -6.46492923    1.00782504
 h     1.0    5.22933986  -14.15073330    0.91443904    1.00782504
 h     1.0    3.21152131  -15.97237240   -2.60812149    1.00782504
 c     6.0    8.39252038    5.90297449    1.07595051   12.00000000
 h     1.0    7.73575253    7.17468480    3.81167560    1.00782504
 h     1.0    9.39647903    2.96138514    1.26577735    1.00782504
 h     1.0   10.31306190    7.43392057   -0.15309623    1.00782504
