    0.000146399    0.000086871   -0.000055155
   -0.000375082    0.000154780   -0.000099976
    0.000500345    0.000090644    0.000102219
    0.000124495   -0.000186872   -0.000415665
   -0.000412355    0.000661778   -0.000308342
   -0.000393759    0.000007347    0.000460584
    0.000068075    0.000339595   -0.000220615
    0.000940279   -0.002644545    0.000171717
    0.000117851   -0.000584124    0.000691402
    0.000508525    0.002208468    0.001095973
   -0.000134104   -0.000168500    0.000157915
    0.000213204    0.002524761   -0.002688776
   -0.001420217   -0.002704311   -0.001715983
    0.000269914    0.000032689    0.000208846
    0.000176361    0.000208887    0.000196283
    0.000142692    0.000500059    0.000127235
    0.000243683   -0.000284472   -0.000479162
    0.001182048   -0.002585355   -0.000093447
   -0.000556109   -0.000045834    0.000375754
   -0.001277536    0.000151018   -0.000135061
   -0.000036727    0.000436134   -0.000041155
   -0.001957944   -0.001459759    0.001604075
    0.001393630   -0.002537425    0.001175362
   -0.000164558   -0.000512587   -0.000253117
    0.000022276   -0.000326892   -0.000167820
    0.000580747    0.000303459   -0.000073845
   -0.000021304   -0.000225236    0.000014804
   -0.002651734    0.002425819    0.000809243
    0.000214678   -0.000170438    0.000197710
    0.001163838    0.000490399    0.001439183
   -0.000189138   -0.000262214   -0.000401551
    0.001061144    0.000251366    0.000540700
   -0.001393968    0.001484335   -0.000938024
   -0.001427831    0.001608724    0.000200790
   -0.000142124    0.000027473    0.000053950
    0.001105368   -0.003798146    0.000537413
   -0.003517978   -0.000412056    0.000470541
    0.000503769    0.001314841   -0.002225891
