 s    16.0   -0.94762810    2.38399545   -0.26515842   31.97207180
 o     8.0   -0.90817201    2.68637484    2.50250753   15.99491464
 o     8.0   -2.96927068    3.29883964   -1.72902005   15.99491464
 c     6.0    1.98393793    3.58604063   -1.34405337   12.00000000
 c     6.0    3.86600881    4.17307248    0.50381892   12.00000000
 c     6.0    2.43658854    3.99888955   -4.02963328   12.00000000
 c     6.0    6.19528008    5.00929178   -0.39372920   12.00000000
 h     1.0    3.81234396    3.84617154    2.36500856    1.00782504
 c     6.0    4.80631931    5.09123298   -4.96782697   12.00000000
 h     1.0    0.98285924    3.60637125   -5.37102511    1.00782504
 c     6.0    6.55534617    5.40776441   -3.02541073   12.00000000
 h     1.0    4.77317374    5.50278824   -6.99224887    1.00782504
 h     1.0    8.64910449    5.86278688   -3.62888660    1.00782504
 c     6.0   -0.42487442   -1.05027240   -0.59436411   12.00000000
 c     6.0   -1.22085678   -2.25919608   -2.84185305   12.00000000
 c     6.0    0.75535760   -2.33395939    1.34561871   12.00000000
 c     6.0   -0.43484714   -4.94884457   -3.30727289   12.00000000
 h     1.0   -2.32890793   -1.26838222   -4.30040357    1.00782504
 c     6.0    1.48652361   -4.71519894    0.94997349   12.00000000
 h     1.0    1.36821828   -1.29777718    3.17924374    1.00782504
 c     6.0    0.95059128   -6.03440166   -1.34060539   12.00000000
 h     1.0   -1.15740246   -5.63527133   -5.13764771    1.00782504
 h     1.0    2.23423673   -5.94261123    2.75990446    1.00782504
 c     6.0    1.91165639   -8.62505219   -1.75575138   12.00000000
 c     6.0    0.68174793  -10.36945050   -3.36663608   12.00000000
 c     6.0    4.37357398   -9.48448994   -0.75006199   12.00000000
 c     6.0    1.71235633  -12.70431070   -4.25459337   12.00000000
 h     1.0   -1.17943551   -9.80403746   -4.07141341    1.00782504
 c     6.0    5.49274444  -11.71729160   -1.60608205   12.00000000
 h     1.0    5.58723628   -8.34308812    0.69703485    1.00782504
 c     6.0    4.33965023  -13.31809990   -3.52270839   12.00000000
 h     1.0    0.93524504  -14.07673490   -5.69807688    1.00782504
 h     1.0    7.42910459  -12.25828890   -1.08161165    1.00782504
 h     1.0    5.74860535  -15.09626280   -3.92831104    1.00782504
 c     6.0    8.34117521    5.05898672    1.50771786   12.00000000
 h     1.0    7.75192268    4.24176250    3.48496481    1.00782504
 h     1.0   10.22029060    4.10902234    1.15924499    1.00782504
 h     1.0    8.94149113    6.96941443    1.60127974    1.00782504
