   -0.000063521    0.000165271    0.000360956
   -0.000259354   -0.000310403   -0.000170637
   -0.000411356    0.000131251   -0.000388623
    0.000321641   -0.000349202   -0.000136406
    0.000164443    0.000198406   -0.000124690
    0.000035097    0.000126357   -0.000029127
    0.000464243   -0.000286146    0.000493031
    0.000148403    0.000561433   -0.000668641
    0.000461261    0.000206638    0.000306709
   -0.001155917   -0.002377672    0.001085439
    0.000174552    0.000305832   -0.000486878
    0.001275199   -0.001303357    0.001089242
    0.000144733   -0.000029801   -0.000480878
   -0.000410732   -0.000155409    0.000203913
   -0.000205228    0.000552886    0.000020572
    0.000081029   -0.000048500   -0.000456015
   -0.000498170    0.000294131   -0.000108662
    0.000792360    0.001514937    0.000632112
    0.000119771   -0.000232991    0.000158162
   -0.000548412   -0.000699211    0.003361519
    0.000109069    0.000062229    0.000179968
    0.000963540   -0.001582430   -0.001103554
    0.002227881    0.000733780   -0.000150572
    0.000049741   -0.000340265   -0.000158706
   -0.000255609    0.000222929   -0.000251956
    0.000077721   -0.000367293   -0.000309953
    0.000250652   -0.000568494   -0.000112560
   -0.000825329    0.001344543   -0.000297751
    0.000056874    0.000276057    0.000252169
    0.002506682    0.001441185    0.002269417
    0.000031438   -0.000411542    0.000062721
   -0.001349105    0.002097741    0.001480367
    0.000910871   -0.000464367    0.000962257
    0.001410465    0.002516503    0.000799245
   -0.000179355    0.000047778   -0.000637541
   -0.001725724   -0.001185758    0.003649733
   -0.002509082    0.000164644   -0.002017855
    0.000292995    0.000410670    0.000311193
