    0.000036663    0.000054479   -0.000256284
    0.000025202   -0.000216030    0.000195803
   -0.000465920    0.000006402    0.000165987
   -0.000248684   -0.000353816    0.000516525
    0.000461630   -0.000436229   -0.000012818
   -0.000356396    0.000282333   -0.000289672
   -0.000802525   -0.000248841   -0.000048129
    0.000695901    0.001035457   -0.000202414
    0.000230140    0.000361535    0.000216552
    0.000262348    0.000193856    0.000805922
    0.000513567    0.000334667   -0.000030044
   -0.000525144   -0.000965507   -0.002761032
    0.000534457    0.002231059   -0.000928136
   -0.000543834    0.000651906   -0.000110693
    0.000319342   -0.000312230   -0.000257238
    0.000128538    0.000134503   -0.000139923
    0.000027959    0.000330952    0.000434827
   -0.000345316   -0.002407043    0.000005237
    0.000433839    0.000037549    0.000006945
    0.001445427   -0.001155404   -0.000243512
    0.000088470   -0.000478274    0.000183420
   -0.000700315    0.000329438   -0.001969554
   -0.002227230    0.000968117   -0.002329179
    0.000346200    0.000569468    0.000180643
   -0.000426508   -0.000504688   -0.000387845
   -0.000035069   -0.000014065    0.000302398
    0.000137144   -0.000419121   -0.000104753
    0.000633053   -0.000376843    0.001781264
   -0.000671713    0.000640753    0.000301163
    0.000713185   -0.001429084   -0.000852067
    0.000137836    0.000192117   -0.000248852
    0.003661085    0.001644047    0.002331149
    0.001459460   -0.000742318    0.001036191
   -0.001826843   -0.003348104   -0.001637541
    0.000265934    0.000230297    0.000056460
    0.000812943   -0.000904696   -0.000577351
    0.000737664   -0.000242374    0.001229979
    0.000427566   -0.005138858   -0.000062666
