 s    16.0   -0.73791614    1.98996404    0.01743386   31.97207180
 o     8.0   -0.62747035    2.39980112    2.89618141   15.99491464
 o     8.0   -3.11710071    2.70987288   -1.18599565   15.99491464
 c     6.0    2.03527508    3.77811118   -1.38823542   12.00000000
 c     6.0    4.16023979    3.85789996    0.07728552   12.00000000
 c     6.0    1.59169633    5.13855091   -3.71872573   12.00000000
 c     6.0    6.31899794    5.14286474   -0.96484307   12.00000000
 h     1.0    4.38096230    2.86915706    1.54999867    1.00782504
 c     6.0    3.69309585    6.34932082   -4.68587041   12.00000000
 h     1.0   -0.15664549    5.12754495   -4.70886684    1.00782504
 c     6.0    6.04725592    6.33193887   -3.23732514   12.00000000
 h     1.0    3.69389361    7.15494912   -6.42947050    1.00782504
 h     1.0    7.92884049    7.07462795   -3.76724993    1.00782504
 c     6.0    0.06372066   -1.15378820   -0.62971374   12.00000000
 c     6.0    0.71864786   -1.69958550   -3.24306106   12.00000000
 c     6.0   -0.09948822   -2.80023932    1.53523935   12.00000000
 c     6.0    1.27247283   -4.26108243   -3.78735736   12.00000000
 h     1.0    0.92113665   -0.17132008   -5.16081664    1.00782504
 c     6.0    0.71119565   -5.32735209    0.81830411   12.00000000
 h     1.0   -0.65424526   -2.11539017    3.51973419    1.00782504
 c     6.0    1.35715125   -6.14996181   -1.80464541   12.00000000
 h     1.0    2.16774912   -4.40162807   -6.03650345    1.00782504
 h     1.0    0.75969675   -6.73979358    2.39101814    1.00782504
 c     6.0    2.09268956   -8.68085527   -2.05258797   12.00000000
 c     6.0    1.27031612  -10.27940920   -4.47739520   12.00000000
 c     6.0    3.50636810   -9.93771359    0.02970950   12.00000000
 c     6.0    2.07969304  -12.65658160   -4.85966440   12.00000000
 h     1.0    0.53959259   -8.97000258   -6.53682070    1.00782504
 c     6.0    4.06368212  -12.60725200   -0.12720211   12.00000000
 h     1.0    4.36605685   -9.07347954    1.62879360    1.00782504
 c     6.0    3.42947087  -13.90402370   -2.61764033   12.00000000
 h     1.0    1.44744769  -13.71519800   -6.54709208    1.00782504
 h     1.0    5.01043940  -13.02765320    1.87105666    1.00782504
 h     1.0    4.63977722  -15.54546630   -2.88911483    1.00782504
 c     6.0    8.77654075    5.43113713    0.57850237   12.00000000
 h     1.0    9.06039517    4.13953219    2.62460361    1.00782504
 h     1.0   10.92988740    4.96353738   -0.37806267    1.00782504
 h     1.0    8.52163752    7.74241835    1.03841254    1.00782504
