    0.000012899   -0.000052245   -0.000017116
   -0.000000856   -0.000128625   -0.000019044
    0.000127298    0.000254850   -0.000385154
    0.000448270    0.000162318   -0.000227665
    0.000173107   -0.000262213    0.000610253
    0.000226266   -0.000260558   -0.000019593
   -0.000352016   -0.000365967   -0.000111765
   -0.001993776   -0.000477132   -0.000544261
   -0.000475375    0.000228499   -0.000097408
   -0.000205280   -0.000913412   -0.001099794
   -0.000098707   -0.000133788    0.000394608
   -0.000010347   -0.000478581   -0.001062410
   -0.000816212   -0.001288665   -0.000453220
   -0.000234508    0.000343893   -0.000001177
    0.000282250    0.000374792   -0.000131462
   -0.000006220    0.000335195    0.000172078
   -0.000052697    0.000307229    0.000251920
   -0.001592776   -0.000493119   -0.000421811
    0.000385067    0.000324709    0.000347237
    0.000331360   -0.000132682    0.002672772
   -0.000253521   -0.000482316   -0.000025458
   -0.000950907    0.000242462   -0.000994362
   -0.000468987   -0.001117997    0.002728052
    0.000062454   -0.000236524   -0.000124402
    0.000001298   -0.000086795    0.000008269
   -0.000340914    0.000094615   -0.000075495
   -0.000395974    0.000118870   -0.000222854
   -0.000005500    0.002232677    0.000208348
    0.000508613   -0.000267387    0.000151573
   -0.000471641    0.000598411    0.001312703
    0.000029963   -0.000501219   -0.000092071
    0.000854972    0.002090405    0.000384891
    0.002058008    0.000811467   -0.002182469
    0.001381387   -0.000784017   -0.000493028
    0.000155099    0.000352174   -0.000658149
    0.001416622   -0.000573387    0.002461284
   -0.003034507    0.001004278    0.003213398
    0.000348196   -0.001606127   -0.000541204
