 s    16.0   -0.36258535    2.13475541   -0.15783243   31.97207180
 o     8.0   -0.23569778    2.40445193    2.59681849   15.99491464
 o     8.0   -2.75882037    2.84345371   -1.47460449   15.99491464
 c     6.0    2.17921059    3.67906031   -1.44622253   12.00000000
 c     6.0    3.61376980    5.09533652    0.80481405   12.00000000
 c     6.0    2.70973753    3.87247961   -4.24694011   12.00000000
 c     6.0    5.68297980    6.55886063   -0.00447862   12.00000000
 h     1.0    3.19857710    4.81884508    2.94919869    1.00782504
 c     6.0    4.89278378    5.29305478   -4.96664345   12.00000000
 h     1.0    1.39853678    2.86040458   -5.47032210    1.00782504
 c     6.0    6.27658921    6.53117452   -2.84470967   12.00000000
 h     1.0    5.32353978    5.47100100   -7.17700506    1.00782504
 h     1.0    8.19454367    7.51997545   -3.32297222    1.00782504
 c     6.0    0.17949671   -1.33437647   -0.94594672   12.00000000
 c     6.0   -0.88426859   -2.43866459   -3.05108191   12.00000000
 c     6.0    1.60108903   -2.45148544    0.79208522   12.00000000
 c     6.0    0.02888672   -4.94210953   -3.60097223   12.00000000
 h     1.0   -2.09194300   -1.71430912   -4.69758530    1.00782504
 c     6.0    2.20534223   -4.97409980    0.39431925   12.00000000
 h     1.0    2.43009432   -1.57424233    2.61794426    1.00782504
 c     6.0    1.50997077   -6.38623239   -1.81694470   12.00000000
 h     1.0   -0.61550351   -5.90693225   -5.42121958    1.00782504
 h     1.0    4.13749877   -6.03312066    1.73245012    1.00782504
 c     6.0    1.94754198   -9.06042704   -2.34164792   12.00000000
 c     6.0   -0.08279829  -10.83186170   -3.34218087   12.00000000
 c     6.0    4.22275298   -9.97608941   -1.46327521   12.00000000
 c     6.0    0.77278565  -13.38174460   -3.69610980   12.00000000
 h     1.0   -1.74094546  -10.44949210   -4.42310983    1.00782504
 c     6.0    4.54390860  -12.67463190   -1.45876008   12.00000000
 h     1.0    5.85137759   -8.84400498   -0.75288487    1.00782504
 c     6.0    2.95326248  -14.32393390   -2.82126848   12.00000000
 h     1.0   -0.97524502  -14.89007630   -4.18556928    1.00782504
 h     1.0    6.21655134  -13.29568600   -0.53514129    1.00782504
 h     1.0    3.43645070  -16.26640340   -3.13986862    1.00782504
 c     6.0    7.25631010    7.68189811    2.40063504   12.00000000
 h     1.0    5.81293828    8.07182633    4.10980250    1.00782504
 h     1.0    9.19277480    6.35300675    2.65726679    1.00782504
 h     1.0    7.57126993    9.97014384    1.41516851    1.00782504
