    0.000360313   -0.000211477    0.000107195
    0.000007634    0.000106882   -0.000167152
   -0.000303478    0.000303058   -0.000233208
   -0.000355899    0.000072193    0.000243954
   -0.000114389   -0.000086708    0.000318814
    0.000500970    0.000628019   -0.000724910
    0.000052006    0.000042763    0.000241890
    0.000102583   -0.000644048    0.000130327
   -0.000651837   -0.000649587    0.000038324
    0.001410097    0.001116163   -0.001146061
   -0.000145602    0.000346005   -0.000332632
   -0.000574894    0.000589589    0.001588179
    0.001724301    0.000264427    0.001458253
   -0.000240455    0.000310760    0.000241122
   -0.000069938    0.000383555   -0.000107363
   -0.000049197   -0.000215851   -0.000093783
   -0.000025663   -0.000450162    0.000471248
   -0.000676210    0.000499665    0.000136931
    0.000057499   -0.000351128   -0.000292309
    0.000520084   -0.000920743    0.002184627
    0.000082972    0.000521351   -0.000142766
   -0.000522037    0.002022108   -0.000236565
   -0.003056893    0.000938149   -0.000673607
   -0.000225743   -0.000055354    0.000156154
   -0.000114086    0.000183614   -0.000258501
    0.000076141   -0.000310829    0.000113747
    0.000205081   -0.000417413    0.000140188
   -0.000337609   -0.000827110   -0.000825613
   -0.000149333   -0.000253329   -0.000552816
    0.000753802    0.000275273    0.001427172
    0.000440237    0.000110759    0.000380404
   -0.001006229    0.000362765    0.000787178
    0.000544397   -0.001048939    0.000204239
    0.000660017    0.001917854    0.000466215
    0.000026460   -0.000003919    0.000218664
    0.001291761    0.000929695   -0.002598971
    0.000578167   -0.001593752    0.000041273
    0.000172389   -0.001335915   -0.000704528
