 s    16.0   -0.72679794    2.15694754   -0.09927983   31.97207180
 o     8.0   -0.85206965    2.08198337    2.79946368   15.99491464
 o     8.0   -3.05364565    2.98365047   -1.63276227   15.99491464
 c     6.0    1.74203396    3.91905923   -1.25519119   12.00000000
 c     6.0    4.31020290    3.74117826   -0.00864983   12.00000000
 c     6.0    1.42226026    5.20737288   -3.44849139   12.00000000
 c     6.0    6.24805890    5.26461213   -0.94319222   12.00000000
 h     1.0    5.30000097    2.62487142    1.67095932    1.00782504
 c     6.0    3.57434566    6.55034621   -4.41377568   12.00000000
 h     1.0   -0.40000874    5.02130623   -4.72754780    1.00782504
 c     6.0    5.91391232    6.66139746   -3.17162943   12.00000000
 h     1.0    3.75868933    7.76156858   -5.99693400    1.00782504
 h     1.0    7.48570826    7.78090454   -3.77868282    1.00782504
 c     6.0    0.33819526   -1.03987598   -0.72366824   12.00000000
 c     6.0    0.82640080   -1.94358396   -3.41807801   12.00000000
 c     6.0    0.44311353   -2.74622327    1.47317692   12.00000000
 c     6.0    1.23939669   -4.33706231   -3.59818877   12.00000000
 h     1.0    0.96769521   -0.88068898   -5.41867397    1.00782504
 c     6.0    0.74924717   -5.33641624    1.16776074   12.00000000
 h     1.0   -0.03351420   -2.20190804    3.46833649    1.00782504
 c     6.0    1.31636906   -6.13195839   -1.47228949   12.00000000
 h     1.0    2.09158594   -5.11542699   -5.62295124    1.00782504
 h     1.0    0.73272338   -6.67500521    2.98703961    1.00782504
 c     6.0    2.09681118   -8.78214356   -1.98170179   12.00000000
 c     6.0    1.27513714   -9.99166313   -4.36053149   12.00000000
 c     6.0    3.36350685  -10.18959900    0.13554065   12.00000000
 c     6.0    1.96876122  -12.65414950   -4.86365681   12.00000000
 h     1.0    0.35567898   -9.12570051   -6.30025297    1.00782504
 c     6.0    4.23120290  -12.82447770   -0.18421393   12.00000000
 h     1.0    4.59856037   -9.27310998    1.71344781    1.00782504
 c     6.0    3.39877467  -14.00088440   -2.77719155   12.00000000
 h     1.0    1.42408523  -13.47549930   -7.03281712    1.00782504
 h     1.0    5.46459939  -13.71046420    1.55402754    1.00782504
 h     1.0    3.94677701  -15.87689460   -3.20749633    1.00782504
 c     6.0    8.78785920    5.09808692    0.39711744   12.00000000
 h     1.0    8.10501851    4.44578592    2.59125158    1.00782504
 h     1.0    9.92594811    3.75699743   -0.72441693    1.00782504
 h     1.0   10.17203390    6.92951197    0.12694637    1.00782504
