   -0.000031807    0.000158192    0.000046573
    0.000239374   -0.000057266   -0.000278351
   -0.000309207   -0.000182215    0.000044093
    0.000036231    0.000114333   -0.000559422
   -0.000002188    0.000297098    0.000024038
    0.000406723    0.000248911    0.000101298
    0.000370250   -0.000257994    0.000081182
    0.000872058   -0.000681262    0.000119295
   -0.000615052   -0.000128685    0.000067943
    0.001719502   -0.000381091    0.000203362
    0.000251781    0.000476939   -0.000001509
   -0.000443709   -0.000793321   -0.001151672
   -0.001257530   -0.001686364    0.003197318
   -0.000403562    0.000113716   -0.000008553
    0.000070775   -0.000716231   -0.000035684
   -0.000500294    0.000375844   -0.000260042
    0.000104606   -0.000473953    0.000203022
    0.001393818   -0.001040399    0.001540912
    0.000515073   -0.000272435    0.000264770
   -0.000715797   -0.000435634    0.001638848
    0.000421126   -0.000491375    0.000039447
   -0.000049223    0.002972483    0.001896430
   -0.001353174    0.000102858   -0.001544208
    0.000190734    0.000209507   -0.000063661
   -0.000737404    0.000061261   -0.000189234
    0.000692545   -0.000258839    0.000157309
    0.000513840    0.000260619    0.000356224
    0.003512957   -0.001974531    0.000290818
   -0.000909282    0.000045329   -0.000094436
    0.002370375    0.001685648   -0.002189097
   -0.000503742    0.000402867   -0.000292428
   -0.000167672   -0.001020445   -0.001077134
    0.002641065    0.000285177    0.000287246
   -0.003022345   -0.000529696    0.000373441
   -0.000058825    0.000224841    0.000180070
   -0.000887104    0.000974573   -0.000644574
   -0.000308777   -0.000948363   -0.001481642
   -0.000321147   -0.000521217    0.001127633
