 s    16.0   -0.50129745    2.06175223   -0.37645597   31.97207180
 o     8.0   -0.78932548    2.22989117    2.37292844   15.99491464
 o     8.0   -2.50452932    2.73849624   -2.07943598   15.99491464
 c     6.0    2.07841832    3.85019307   -1.27330642   12.00000000
 c     6.0    4.03192348    4.44427672    0.35911549   12.00000000
 c     6.0    1.89357807    4.84940071   -3.64583667   12.00000000
 c     6.0    6.04575149    6.10310780   -0.23344648   12.00000000
 h     1.0    3.44900942    3.77454998    2.57589019    1.00782504
 c     6.0    3.71668968    6.58108781   -4.39366121   12.00000000
 h     1.0    0.44415372    3.94499006   -4.83562129    1.00782504
 c     6.0    5.80899847    7.28315043   -2.55490800   12.00000000
 h     1.0    3.95776453    7.45819139   -6.40794926    1.00782504
 h     1.0    6.94092516    9.03580568   -3.10649004    1.00782504
 c     6.0    0.37247919   -1.27781661   -0.92083517   12.00000000
 c     6.0    0.04093107   -2.22944354   -3.30383454   12.00000000
 c     6.0    1.60695193   -2.64708044    0.98149917   12.00000000
 c     6.0    0.69721849   -4.70283377   -3.66981029   12.00000000
 h     1.0   -0.83756250   -1.18740749   -4.82632134    1.00782504
 c     6.0    2.12442979   -5.10630583    0.66379450   12.00000000
 h     1.0    2.17326898   -1.85766565    2.86209843    1.00782504
 c     6.0    1.54082907   -6.35431930   -1.68208050   12.00000000
 h     1.0    0.49156751   -5.42661461   -5.57622758    1.00782504
 h     1.0    2.99356380   -6.20806153    2.26045584    1.00782504
 c     6.0    1.92942893   -9.12835767   -2.07281235   12.00000000
 c     6.0    0.17432655  -10.72528990   -3.41313014   12.00000000
 c     6.0    4.07458340  -10.24051730   -1.06149546   12.00000000
 c     6.0    0.67252977  -13.22584260   -3.69626411   12.00000000
 h     1.0   -1.15623815   -9.42959845   -4.32512857    1.00782504
 c     6.0    4.34384283  -12.93957080   -1.00919176   12.00000000
 h     1.0    5.92424631   -8.86113537   -0.41145639    1.00782504
 c     6.0    2.85064509  -14.51495520   -2.58127216   12.00000000
 h     1.0   -0.50009358  -14.71301960   -4.95454340    1.00782504
 h     1.0    6.29603696  -13.60196460   -0.77109557    1.00782504
 h     1.0    3.13615097  -16.34270540   -3.31575077    1.00782504
 c     6.0    8.17500817    6.47512804    1.57815544   12.00000000
 h     1.0    6.78715296    7.68890897    3.99526795    1.00782504
 h     1.0    9.40567017    3.62591181    2.53006780    1.00782504
 h     1.0   10.21678810    8.30259276    0.20494365    1.00782504
