   -0.000119194   -0.000066385    0.000222104
   -0.000305326    0.000033900   -0.000369470
    0.000127473    0.000082471    0.000101876
    0.000085875    0.000115429   -0.000070170
   -0.000025642    0.000461785   -0.000052118
   -0.000271610   -0.000376778   -0.000528446
    0.000021641    0.000020852   -0.000026048
   -0.000604667    0.001035924   -0.000010438
   -0.000244045   -0.000238799    0.000283086
    0.002309591   -0.000066275    0.002057624
    0.000317424    0.000312515   -0.000089582
   -0.000480605   -0.000778753   -0.000343084
   -0.000567662   -0.000156815    0.000317743
   -0.000249979   -0.000002129   -0.000197171
    0.000068306    0.000168128    0.000215771
   -0.000190229    0.000006052    0.000485438
    0.000198728   -0.000585955   -0.000451846
   -0.001221161    0.000325809   -0.001656800
    0.000008310   -0.000030975   -0.000101576
    0.000927541   -0.000534631   -0.001123833
    0.000147274    0.000425990    0.000445414
   -0.000577470    0.001277914    0.000712022
   -0.001371532    0.003893360   -0.003068383
    0.000307796    0.000071638    0.000231101
   -0.000055754    0.000095861    0.000148546
   -0.000211291   -0.000295526    0.000129511
    0.000206924   -0.000082186   -0.000051609
    0.001816103   -0.002017498    0.001623527
   -0.000080203   -0.000056973   -0.000590773
    0.000497011   -0.000769529   -0.000670617
   -0.000003936    0.000192972   -0.000171168
   -0.000900307   -0.000724823    0.000931622
    0.000520259   -0.000945415    0.001331687
   -0.000733268    0.000570430   -0.000641187
    0.000349059   -0.000193030    0.000267032
   -0.001094008   -0.000686896    0.002403791
    0.002325306   -0.000139011   -0.001461421
    0.001254888   -0.000121161   -0.001736899
