 s    16.0   -0.81483852    2.33297209   -0.27264272   31.97207180
 o     8.0   -1.12347324    2.75356601    2.41411279   15.99491464
 o     8.0   -2.65395072    3.03187778   -2.20357339   15.99491464
 c     6.0    2.08948388    3.61075056   -1.25399088   12.00000000
 c     6.0    3.46878326    4.65891107    0.70331681   12.00000000
 c     6.0    2.79149188    3.75974510   -4.23245902   12.00000000
 c     6.0    5.94645137    5.60361944    0.04397133   12.00000000
 h     1.0    3.15155953    5.01872647    3.06198636    1.00782504
 c     6.0    5.27916864    4.56747641   -4.99237633   12.00000000
 h     1.0    1.45465189    3.46718496   -5.87865695    1.00782504
 c     6.0    6.80734234    5.63938561   -2.88929706   12.00000000
 h     1.0    6.41004589    4.74712967   -7.24966034    1.00782504
 h     1.0    8.39110577    6.44990438   -3.40334468    1.00782504
 c     6.0   -0.26990512   -1.18859547   -0.66866687   12.00000000
 c     6.0   -1.29511384   -2.33666397   -2.82029492   12.00000000
 c     6.0    1.24641513   -2.52364010    1.24817175   12.00000000
 c     6.0   -0.45024774   -4.77674898   -3.30234169   12.00000000
 h     1.0   -2.46197472   -0.97632897   -4.14855816    1.00782504
 c     6.0    2.21795379   -5.00517560    0.84664440   12.00000000
 h     1.0    1.90067591   -1.25682575    3.04585016    1.00782504
 c     6.0    1.31623537   -6.23392447   -1.63611092   12.00000000
 h     1.0   -0.95552985   -5.62583326   -5.10529374    1.00782504
 h     1.0    3.08376931   -5.92923748    2.26092056    1.00782504
 c     6.0    2.21666307   -8.83879884   -2.13322191   12.00000000
 c     6.0   -0.38201375  -10.63169730   -2.63381294   12.00000000
 c     6.0    5.12631128   -9.55458863   -1.90849471   12.00000000
 c     6.0    0.39830645  -13.18966000   -3.08180775   12.00000000
 h     1.0   -2.90914727   -9.81472824   -2.33408845    1.00782504
 c     6.0    5.91835214  -11.92243140   -2.69090694   12.00000000
 h     1.0    7.41157771   -8.24395779   -2.03682652    1.00782504
 c     6.0    3.53243579  -13.80543210   -3.19794664   12.00000000
 h     1.0   -1.64215875  -14.82255590   -3.23739466    1.00782504
 h     1.0    8.30122761  -12.71151900   -3.11168755    1.00782504
 h     1.0    3.89084554  -15.86728380   -3.75618341    1.00782504
 c     6.0    7.63064127    6.85936467    2.40074014   12.00000000
 h     1.0    7.27389790    6.04695379    4.23202498    1.00782504
 h     1.0    9.86371899    6.48485603    2.09687248    1.00782504
 h     1.0    7.40610940    9.11059589    2.69021060    1.00782504
