    0.000038738    0.000110894    0.000066335
    0.000003277   -0.000213055    0.000200530
    0.000051527   -0.000186483   -0.000049448
   -0.000042773   -0.000382619    0.000494512
    0.000268389    0.000378022   -0.000830227
    0.000464871    0.000455338   -0.000031017
   -0.000615927   -0.000241697   -0.000152208
    0.000376046    0.000047824    0.000257625
   -0.000216255   -0.000416732    0.000395796
    0.000315817   -0.000530591    0.000139637
   -0.000141564   -0.000241897    0.000309969
    0.001233414    0.001392509   -0.002254748
    0.002135948    0.000952834    0.000069396
   -0.000345832   -0.000035120   -0.000519176
    0.000227119   -0.000239906    0.000650104
   -0.000621196    0.000034295   -0.000023266
   -0.000575189   -0.000266928   -0.001063108
   -0.001329112    0.001459133   -0.002428785
   -0.000092889    0.000092522    0.000221025
    0.000742574    0.001397956    0.000263662
    0.000504975   -0.000078837    0.000478478
    0.000226066    0.003109467    0.002740461
   -0.001502544    0.000835561   -0.002287477
   -0.000281680    0.000016779   -0.000154705
   -0.000193883    0.000567959    0.000313758
    0.000271448   -0.000193396    0.000120788
    0.000155157   -0.000035210   -0.000070875
    0.001705361   -0.001535468    0.000396331
    0.000326084    0.000099807   -0.000099465
   -0.001546843    0.000528210    0.000358409
   -0.000319816   -0.000189198   -0.000345261
    0.002224636   -0.000150314    0.000851121
    0.000901309   -0.000687164    0.000686994
    0.001078817    0.002250631    0.001939821
    0.000535328    0.000140635   -0.000432847
   -0.000046503    0.000518583    0.000662318
    0.000243409   -0.000965660    0.001270161
   -0.000595232    0.000581955    0.001617189
