 s    16.0   -0.74970620    2.25069642   -0.31619137   31.97207180
 o     8.0   -1.11882355    2.48000658    2.32021093   15.99491464
 o     8.0   -2.61698890    2.63138790   -2.24951447   15.99491464
 c     6.0    1.92413534    3.95057606   -1.27879160   12.00000000
 c     6.0    3.94433275    4.09865442    0.37052214   12.00000000
 c     6.0    1.95002940    5.19921917   -3.63365651   12.00000000
 c     6.0    6.19291466    5.36881842   -0.10279001   12.00000000
 h     1.0    3.65424140    3.38852264    2.50671126    1.00782504
 c     6.0    4.37734334    6.35584744   -4.35806736   12.00000000
 h     1.0   -0.10005368    5.17264486   -4.74057121    1.00782504
 c     6.0    6.36487409    6.41247872   -2.63739745   12.00000000
 h     1.0    4.22209442    7.53368567   -6.03758617    1.00782504
 h     1.0    8.23597898    7.50603625   -2.87914164    1.00782504
 c     6.0    0.10454023   -1.07523645   -0.84514920   12.00000000
 c     6.0   -0.43752045   -2.28016579   -3.17370895   12.00000000
 c     6.0    1.48927881   -2.61797449    0.99681439   12.00000000
 c     6.0   -0.09883976   -4.84419099   -3.51297864   12.00000000
 h     1.0   -1.01740245   -1.32091408   -4.91246559    1.00782504
 c     6.0    1.85915593   -5.11966318    0.61814548   12.00000000
 h     1.0    1.98325305   -1.69270699    2.57083912    1.00782504
 c     6.0    1.15535628   -6.36602024   -1.64795334   12.00000000
 h     1.0   -0.13636751   -5.86166675   -5.36411192    1.00782504
 h     1.0    3.13588058   -5.93134849    1.98508218    1.00782504
 c     6.0    2.07756338   -9.07641392   -2.24794663   12.00000000
 c     6.0    0.19856753  -10.74990270   -3.24871546   12.00000000
 c     6.0    4.67866740   -9.65157815   -1.40634252   12.00000000
 c     6.0    0.84531625  -13.35974310   -3.22649239   12.00000000
 h     1.0   -1.91631470  -10.22408870   -4.15034729    1.00782504
 c     6.0    5.17931905  -12.19161020   -1.60213872   12.00000000
 h     1.0    6.07863230   -8.47463706   -0.98624407    1.00782504
 c     6.0    3.23424116  -13.95133380   -2.41154224   12.00000000
 h     1.0   -0.40105029  -14.55378260   -4.30433707    1.00782504
 h     1.0    7.04104981  -12.65704630   -0.92628291    1.00782504
 h     1.0    3.10813780  -15.95660380   -2.37698128    1.00782504
 c     6.0    8.27642259    5.77937456    1.51626659   12.00000000
 h     1.0    8.65676673    4.23882793    3.36993287    1.00782504
 h     1.0   10.39107690    6.04103387   -0.01105482    1.00782504
 h     1.0    8.15624214    8.01572655    2.61459028    1.00782504
