   -0.000190989   -0.000161264   -0.000214326
    0.000145540   -0.000273819    0.000623320
   -0.000291649    0.000084248   -0.000359598
   -0.000507198    0.000221512    0.000142253
    0.000575193   -0.000240355   -0.000364195
    0.000125070    0.000498908   -0.000144659
   -0.000399220   -0.000358026   -0.000004057
   -0.001627487    0.000157411    0.000299445
   -0.000065564    0.000018222   -0.000539399
   -0.000054640    0.000307863   -0.000526236
    0.000280261    0.000167930    0.000155719
    0.000848594   -0.001469967    0.003393356
   -0.002047404   -0.001025389    0.001805613
    0.000135286    0.000113193   -0.000678563
   -0.000270149    0.000305774    0.000187586
    0.000061453    0.000765153    0.000415924
   -0.000246976   -0.000174868    0.000256100
   -0.000154048   -0.001212609    0.001462566
    0.000175019   -0.000090416   -0.000109780
    0.000317558   -0.000287636    0.000201448
    0.000001605   -0.000096433   -0.000313650
    0.001940519    0.001335193    0.001746037
   -0.000445178   -0.001522779   -0.000467783
   -0.000115741    0.000614671    0.000324917
    0.000035597   -0.000563006    0.000067919
    0.000139975   -0.000304237    0.000056066
    0.000249646    0.000501504   -0.000361321
   -0.000552032    0.000497789    0.002677791
   -0.000152058   -0.000029318   -0.000268068
   -0.000735126    0.000225219   -0.000778624
   -0.000113143   -0.000097813    0.000045391
    0.000729557    0.000225466    0.001923439
    0.001824351    0.000633437    0.001240890
    0.001566430   -0.002295351    0.000706253
    0.000660751    0.000106265    0.000136518
    0.000367991   -0.002578811   -0.001131792
   -0.000930382    0.001730378    0.003230019
    0.000554206   -0.002772140   -0.001293117
