 s    16.0   -0.63231093    2.06777877    0.03401250   31.97207180
 o     8.0   -0.58201716    2.40234180    2.94772785   15.99491464
 o     8.0   -2.88359772    2.55473466   -1.54732271   15.99491464
 c     6.0    2.10269956    3.96334478   -1.28940381   12.00000000
 c     6.0    4.18369244    4.52155226    0.20486198   12.00000000
 c     6.0    2.02261255    4.47006537   -4.01088893   12.00000000
 c     6.0    6.16113534    5.90478172   -0.91039341   12.00000000
 h     1.0    4.05957526    4.02256547    2.10385023    1.00782504
 c     6.0    4.02689069    5.74695985   -5.03852400   12.00000000
 h     1.0    0.32414173    4.25173206   -5.17603726    1.00782504
 c     6.0    6.16631539    6.28737992   -3.51561704   12.00000000
 h     1.0    4.50390461    5.75794952   -7.06906255    1.00782504
 h     1.0    8.13669045    6.88356976   -4.60621174    1.00782504
 c     6.0    0.11055049   -1.18958955   -0.45998844   12.00000000
 c     6.0    0.70677705   -1.94199011   -2.95507461   12.00000000
 c     6.0    0.20137847   -2.97332081    1.93378313   12.00000000
 c     6.0    1.07008978   -4.45927745   -3.42097217   12.00000000
 h     1.0    0.67141667   -0.34558757   -4.42110487    1.00782504
 c     6.0    0.79347879   -5.43170174    1.18494253   12.00000000
 h     1.0   -0.36922018   -2.27845922    3.96490144    1.00782504
 c     6.0    1.25666651   -6.25974160   -1.30401425   12.00000000
 h     1.0    1.74378702   -4.76493915   -5.40702086    1.00782504
 h     1.0    0.64034193   -6.93238449    3.16804217    1.00782504
 c     6.0    1.80381824   -8.97806947   -1.74060027   12.00000000
 c     6.0    1.06216959  -10.03558350   -4.43754177   12.00000000
 c     6.0    3.32068826  -10.32789030   -0.00627519   12.00000000
 c     6.0    2.00413281  -12.50943110   -5.27153806   12.00000000
 h     1.0   -0.14696219   -9.40683048   -6.15222894    1.00782504
 c     6.0    4.03114721  -12.88631580   -0.76247521   12.00000000
 h     1.0    3.84922331   -9.63529632    2.06051717    1.00782504
 c     6.0    3.46469146  -13.95038990   -3.34933324   12.00000000
 h     1.0    1.61269885  -13.34272640   -7.48689336    1.00782504
 h     1.0    5.41714577  -13.61668990    0.90855844    1.00782504
 h     1.0    3.78312031  -15.98282300   -3.86697447    1.00782504
 c     6.0    8.17272394    6.65646190    0.95411391   12.00000000
 h     1.0    7.73311333    6.41615755    2.77679240    1.00782504
 h     1.0   10.18082500    5.21216782    0.69593825    1.00782504
 h     1.0    8.72128972    8.60062272    0.77322088    1.00782504
