   -0.000120271   -0.000045896   -0.000022412
    0.000044055   -0.000462127   -0.000074990
    0.000126222   -0.000031193    0.000101686
    0.000877221    0.000491773   -0.000331993
   -0.000549555   -0.000154815   -0.000013376
   -0.000463071    0.000083902    0.000295298
   -0.000594572   -0.000134928   -0.000187490
    0.002057348    0.001624274    0.000520820
    0.000086103   -0.000207869    0.000580126
   -0.000100383   -0.000528710    0.000135453
    0.000101022    0.000267800   -0.000578638
    0.002553513    0.001642001   -0.000254822
    0.002171241    0.002863610   -0.000387669
   -0.000115378   -0.000299924   -0.000003260
    0.000163721    0.000388706   -0.000076713
    0.000112118   -0.000274524   -0.000148189
   -0.000267010   -0.000307298    0.000210842
    0.000419503    0.000172345    0.000834705
   -0.000411015   -0.000283813   -0.000225860
    0.000579297    0.000544675   -0.001575463
    0.000410211   -0.000305558    0.000213385
    0.000021204    0.001413071    0.001019576
   -0.000619460    0.000559828    0.000871476
   -0.000491461    0.000249744   -0.000388540
   -0.000355391   -0.000065929   -0.000419430
    0.000611674   -0.000128711    0.000339171
   -0.000286869    0.000403684    0.000117117
    0.001162567    0.000339671   -0.000857803
   -0.000000431   -0.000080502    0.000083676
    0.000221295   -0.001615678   -0.001019975
    0.000265138    0.000251190    0.000356660
   -0.000086582    0.001060770    0.000611549
   -0.001928748    0.000275667    0.000105261
    0.001057644   -0.000051512    0.001498225
    0.000445360    0.000326372    0.000147444
   -0.000478906   -0.001122051   -0.000876336
   -0.001033587   -0.001084518    0.000148952
    0.000634658    0.000583853   -0.000128951
