 s    16.0   -0.59041581    2.15128164   -0.14548512   31.97207180
 o     8.0   -0.96149590    2.27815959    2.60395182   15.99491464
 o     8.0   -3.06512581    2.44003400   -1.69457456   15.99491464
 c     6.0    1.90205251    4.23052413   -0.99062309   12.00000000
 c     6.0    4.21197046    4.25076853    0.36382054   12.00000000
 c     6.0    1.33548182    5.70234118   -3.34504424   12.00000000
 c     6.0    6.19827173    5.48683719   -0.80299202   12.00000000
 h     1.0    4.29152129    3.04242962    2.18599382    1.00782504
 c     6.0    3.32866175    7.07757915   -4.35953555   12.00000000
 h     1.0   -0.23477630    5.76688412   -4.39518127    1.00782504
 c     6.0    5.72152475    6.89650578   -3.16880436   12.00000000
 h     1.0    3.07672133    8.22393987   -5.93350106    1.00782504
 h     1.0    7.56977694    7.88820367   -3.94897624    1.00782504
 c     6.0    0.59687045   -1.15171376   -0.89265024   12.00000000
 c     6.0    1.09806579   -1.98239322   -3.48573121   12.00000000
 c     6.0    0.81211556   -2.78863313    1.19633289   12.00000000
 c     6.0    1.63783919   -4.59658167   -4.02379002   12.00000000
 h     1.0    0.54117034   -0.99977698   -5.35516557    1.00782504
 c     6.0    1.31766388   -5.46354408    0.94031794   12.00000000
 h     1.0    0.50147240   -2.11967198    3.35814587    1.00782504
 c     6.0    1.59716116   -6.27766921   -1.72899520   12.00000000
 h     1.0    2.06987217   -5.34009345   -6.01351632    1.00782504
 h     1.0    1.26236248   -6.77277943    2.71028512    1.00782504
 c     6.0    2.11063229   -9.09393537   -1.90886635   12.00000000
 c     6.0    1.23458514  -10.22967680   -4.22959415   12.00000000
 c     6.0    3.47381310  -10.65066600    0.02166313   12.00000000
 c     6.0    1.38117805  -12.76108350   -4.55629069   12.00000000
 h     1.0    0.23219502   -9.17202022   -5.81185176    1.00782504
 c     6.0    3.85708308  -13.14929950   -0.19577927   12.00000000
 h     1.0    4.51549909   -9.31092499    1.60202653    1.00782504
 c     6.0    2.78918021  -14.38191920   -2.56521678   12.00000000
 h     1.0    0.28821192  -13.34468360   -6.31887765    1.00782504
 h     1.0    4.96464500  -14.38935680    1.36245938    1.00782504
 h     1.0    2.91960754  -16.45367720   -2.77800678    1.00782504
 c     6.0    8.76209802    5.61851578    0.59829653   12.00000000
 h     1.0    9.44754512    3.70702493    2.31616526    1.00782504
 h     1.0   10.59485560    5.92812336   -1.85580147    1.00782504
 h     1.0    7.99680517    7.78712171    1.99833948    1.00782504
