   -0.000267674    0.000081716   -0.000023169
   -0.000082811    0.000278427   -0.000474753
    0.000083994    0.000270503    0.000567757
    0.000014993    0.000315078   -0.000196043
    0.000204406   -0.000202448    0.000231355
   -0.000317369   -0.000191371    0.000048672
    0.000031690   -0.000272499   -0.000147738
   -0.001995843   -0.000056377   -0.000854507
    0.000394712    0.000527611    0.000427448
   -0.000254257    0.000399797   -0.000082293
   -0.000141028    0.000196184   -0.000071958
    0.002117118    0.002014882   -0.002168169
   -0.001316692    0.000793581   -0.001046253
    0.000004676   -0.000171890   -0.000302450
   -0.000024698   -0.000202540    0.000186849
    0.000323979    0.000114614    0.000164144
    0.000016281    0.000004119    0.000037207
   -0.000559878    0.000540959   -0.001206110
    0.000371258   -0.000239243    0.000251839
   -0.001174435    0.000792711    0.000821963
   -0.000043088   -0.000131381   -0.000275506
    0.001614503   -0.001066508   -0.000117640
   -0.000682862   -0.000986105   -0.000542760
   -0.000404608    0.000070971   -0.000450928
   -0.000102184   -0.000364172    0.000211715
   -0.000012702   -0.000684732   -0.000119628
    0.000361197    0.000079391    0.000154391
    0.002421778   -0.001168139    0.000957537
    0.000061404    0.000243086    0.000351352
    0.001581081    0.002783437    0.002493332
   -0.000085406    0.000178827   -0.000275830
   -0.001875294   -0.000289378   -0.000921201
   -0.000101693   -0.000496922    0.000736989
    0.000437473    0.000125494   -0.000293340
   -0.000179598   -0.000486005    0.000074898
    0.000854019    0.000586289   -0.002031305
    0.001398577   -0.000861895   -0.000075331
    0.000387218    0.000071052    0.000017952
