 s    16.0   -0.73895581    2.26275739    0.03610190   31.97207180
 o     8.0   -0.74338795    2.64809973    2.75975034   15.99491464
 o     8.0   -2.86783353    2.93840791   -1.61412993   15.99491464
 c     6.0    2.01414222    3.64661199   -1.29305744   12.00000000
 c     6.0    4.37810439    3.77011831   -0.08320685   12.00000000
 c     6.0    1.62635746    4.92356918   -3.66307649   12.00000000
 c     6.0    6.47419187    5.16815766   -1.10810243   12.00000000
 h     1.0    4.81521283    3.02599920    2.02753975    1.00782504
 c     6.0    3.67087498    6.40749426   -4.75555700   12.00000000
 h     1.0    0.04583272    4.59562694   -4.73046652    1.00782504
 c     6.0    6.04950329    6.59655619   -3.46446130   12.00000000
 h     1.0    3.50128788    7.36505724   -6.71072491    1.00782504
 h     1.0    7.34902552    8.02385427   -4.19269569    1.00782504
 c     6.0   -0.34110623   -1.13669128   -0.28064503   12.00000000
 c     6.0    0.50280602   -1.96302375   -3.00920545   12.00000000
 c     6.0   -0.44382880   -3.04347390    1.91315339   12.00000000
 c     6.0    1.25828360   -4.26751587   -3.43212583   12.00000000
 h     1.0    0.25614530   -0.69269923   -4.64944914    1.00782504
 c     6.0    0.35766004   -5.58294773    1.40166396   12.00000000
 h     1.0   -1.11859045   -2.60143035    3.95352982    1.00782504
 c     6.0    1.23703356   -6.17732345   -1.35462416   12.00000000
 h     1.0    1.61714585   -4.93464469   -5.67360051    1.00782504
 h     1.0    0.19479574   -6.89529931    3.19834172    1.00782504
 c     6.0    2.04710418   -8.82434402   -1.98918508   12.00000000
 c     6.0    1.60166852  -10.03861790   -4.67768429   12.00000000
 c     6.0    3.37903638  -10.25252770    0.14987076   12.00000000
 c     6.0    2.35461998  -12.55426300   -5.22467579   12.00000000
 h     1.0    0.48903721   -8.89757932   -6.55570908    1.00782504
 c     6.0    4.33325675  -12.66797190   -0.26174857   12.00000000
 h     1.0    3.92639441   -9.19081733    2.52346440    1.00782504
 c     6.0    3.73803686  -13.73713210   -3.13527165   12.00000000
 h     1.0    1.84180728  -13.37952080   -7.26917353    1.00782504
 h     1.0    5.40654843  -13.64326550    1.30989786    1.00782504
 h     1.0    4.58608076  -15.65089870   -3.52423722    1.00782504
 c     6.0    8.86934624    5.13225404    0.40455534   12.00000000
 h     1.0    8.18704438    5.23348055    2.58361947    1.00782504
 h     1.0   10.14497850    3.36174842    0.17268754    1.00782504
 h     1.0   10.01611480    7.32351304   -0.16954485    1.00782504
