   -0.000042102    0.000013045    0.000122094
   -0.000069095    0.000046858    0.000294559
   -0.000090354    0.000105436   -0.000204907
   -0.000179551    0.000084034   -0.000264701
   -0.000271359    0.000035318   -0.000006688
    0.000034700    0.000317910    0.000396471
    0.000068657   -0.000138677   -0.000791216
   -0.000534479   -0.000201400   -0.000756509
    0.000225279   -0.000050311   -0.000298901
   -0.000430891   -0.000265410   -0.000561000
   -0.000120484   -0.000299900    0.000474128
   -0.000380417    0.000212363    0.004884025
    0.001350197   -0.000896767   -0.000589614
   -0.000113089   -0.000428742    0.000026633
   -0.000024912   -0.000070861    0.000270572
   -0.000378486   -0.000201968   -0.000376200
    0.000080518    0.000180450    0.000292931
   -0.000337369   -0.000591412    0.000253702
    0.000362048    0.000389912   -0.000013510
    0.000912942   -0.000272018   -0.000332668
    0.000177053   -0.000058522   -0.000204160
   -0.000428584   -0.002804102   -0.001957412
   -0.002823296    0.000763925    0.000948117
   -0.000456260    0.000244784   -0.000113350
   -0.000012296   -0.000676208   -0.000131263
    0.000025753    0.000175785   -0.000164826
    0.000502446   -0.000038132   -0.000054178
    0.001049745    0.001225851   -0.000165276
    0.000067062    0.000151380    0.000304607
   -0.000251803    0.000527273    0.000913620
    0.000095966    0.000088039    0.000154100
   -0.001620392    0.001631984   -0.000434544
   -0.000018340    0.001822621    0.000805634
   -0.001148611   -0.000713961   -0.002078745
    0.000314819    0.000334230    0.000065155
   -0.000000787   -0.000672841   -0.000157852
    0.002890228   -0.001056671   -0.001636906
    0.000897829   -0.002003085    0.000738314
