 s    16.0   -0.79807403    2.11253488   -0.17275724   31.97207180
 o     8.0   -0.68921173    2.47850642    2.64206930   15.99491464
 o     8.0   -2.91290276    2.66255962   -1.89383009   15.99491464
 c     6.0    2.08407347    3.65423354   -1.41430752   12.00000000
 c     6.0    3.93500557    4.55769673    0.35478116   12.00000000
 c     6.0    2.31890325    4.40388103   -3.92591256   12.00000000
 c     6.0    6.00041228    5.87068192   -0.29440811   12.00000000
 h     1.0    3.43574621    4.20407832    2.33223262    1.00782504
 c     6.0    4.41090367    5.87898611   -4.53610220   12.00000000
 h     1.0    0.68774662    3.93693703   -5.49183711    1.00782504
 c     6.0    6.23721742    6.38918251   -2.99790002   12.00000000
 h     1.0    4.20046950    6.40051890   -6.33044420    1.00782504
 h     1.0    7.72530711    7.48961912   -3.52833315    1.00782504
 c     6.0    0.15497998   -1.07375670   -0.75384878   12.00000000
 c     6.0   -0.08835971   -2.05147404   -3.09323675   12.00000000
 c     6.0    1.09417956   -2.65980257    1.28818814   12.00000000
 c     6.0    0.58941349   -4.70018861   -3.62138754   12.00000000
 h     1.0   -0.71793958   -1.24280976   -4.64228608    1.00782504
 c     6.0    1.85066038   -5.15621928    0.68879132   12.00000000
 h     1.0    0.43369773   -1.69592319    3.22433731    1.00782504
 c     6.0    1.58018934   -6.08811279   -1.76991720   12.00000000
 h     1.0    0.23225847   -5.37248793   -5.63518254    1.00782504
 h     1.0    2.40274420   -6.47820052    1.92370236    1.00782504
 c     6.0    2.05928948   -8.96608698   -2.17623186   12.00000000
 c     6.0    0.29512465  -10.42802340   -3.45020946   12.00000000
 c     6.0    4.40963841   -9.98643221   -1.16535887   12.00000000
 c     6.0    0.77715127  -13.17689260   -3.68671237   12.00000000
 h     1.0   -1.08459164   -9.37265143   -4.38087605    1.00782504
 c     6.0    4.82320680  -12.57837600   -1.42709267   12.00000000
 h     1.0    5.77436867   -8.84407292   -0.02595579    1.00782504
 c     6.0    2.99414320  -14.18708630   -2.78368277   12.00000000
 h     1.0   -0.56335529  -14.09153540   -4.79702670    1.00782504
 h     1.0    6.35457615  -13.45703740   -0.57904486    1.00782504
 h     1.0    3.35408127  -16.26230880   -2.90732310    1.00782504
 c     6.0    8.04925150    6.52188342    1.65930148   12.00000000
 h     1.0    7.05003149    5.98080064    3.68309599    1.00782504
 h     1.0    9.95116433    5.35842550    2.00931061    1.00782504
 h     1.0    8.17618206    8.50763766    1.35783491    1.00782504
