   -0.000310710    0.000079246   -0.000181573
    0.000188627    0.000205097    0.000057640
    0.000027628    0.000128109   -0.000018868
    0.000304159   -0.000143659    0.000762332
   -0.000317348    0.000103735   -0.000329794
    0.000391950   -0.000188388    0.000122805
   -0.000065234   -0.000387667    0.000149283
    0.000504076   -0.001061808    0.001714841
    0.000005089    0.000057804   -0.000287009
   -0.000594627    0.001955505   -0.000561112
   -0.000344647    0.000364589   -0.000754232
   -0.000641694    0.000039005    0.001838675
   -0.001105201   -0.001506112    0.002744022
    0.000430421   -0.000158811    0.000009472
   -0.000090592    0.000114409    0.000601866
    0.000125731   -0.000070786   -0.000587253
    0.000016160   -0.000044859    0.000015786
    0.001885245   -0.001195321    0.001198177
   -0.000811466   -0.000594950   -0.000073578
   -0.001297525    0.003111897    0.002585323
    0.000119884    0.000025140    0.000057183
   -0.001474316   -0.003804507   -0.004072937
    0.000344056    0.001528888   -0.003213693
    0.000096255   -0.000003680    0.000263881
    0.000256267    0.000488921    0.000219018
    0.000163918    0.000196004    0.000346048
    0.000019484   -0.000263595   -0.000253163
   -0.002392236   -0.000575384   -0.000449417
    0.000283970   -0.000527221   -0.000159852
    0.001806880    0.000456415    0.001445030
   -0.000193945    0.000213677   -0.000232473
    0.001128662    0.000206383    0.001613390
   -0.000359874    0.002652719   -0.001416381
   -0.001655900   -0.002075496    0.000172263
    0.000387008    0.000261206    0.000385293
   -0.001707342    0.001314253    0.001275970
    0.001640135    0.000938142   -0.001568461
    0.001107533   -0.003149461   -0.001191495
