 s    16.0   -0.30660129    1.80151678   -0.51301541   31.97207180
 o     8.0   -0.62622247    1.74875468    2.21486907   15.99491464
 o     8.0   -2.29472999    2.45732930   -2.18929645   15.99491464
 c     6.0    2.20980725    4.08368442   -1.20508504   12.00000000
 c     6.0    4.24004242    4.50020083    0.50290588   12.00000000
 c     6.0    1.81072245    5.78380330   -3.33192353   12.00000000
 c     6.0    5.92043756    6.47336420   -0.11637738   12.00000000
 h     1.0    4.47498438    2.89978867    2.29303792    1.00782504
 c     6.0    3.61610538    7.69698899   -4.10263716   12.00000000
 h     1.0    0.20852841    5.56814262   -4.38774454    1.00782504
 c     6.0    5.54897554    8.14820070   -2.42833185   12.00000000
 h     1.0    3.47851374    8.56791854   -5.86026256    1.00782504
 h     1.0    7.11475670    9.56627234   -2.80618330    1.00782504
 c     6.0    0.45071399   -1.26624672   -1.24677677   12.00000000
 c     6.0    0.36873946   -2.49462733   -3.65062901   12.00000000
 c     6.0    1.51174026   -2.65279318    0.71092986   12.00000000
 c     6.0    0.69374178   -5.09801784   -3.94933075   12.00000000
 h     1.0   -0.18385663   -1.47876797   -5.04225957    1.00782504
 c     6.0    1.99964422   -5.27871192    0.53279236   12.00000000
 h     1.0    1.65758703   -1.70597195    2.64176608    1.00782504
 c     6.0    1.37752608   -6.46318039   -1.75557800   12.00000000
 h     1.0    0.33693065   -5.75732489   -5.69936226    1.00782504
 h     1.0    2.62495774   -6.83558956    1.94162967    1.00782504
 c     6.0    1.85478933   -9.26435870   -1.88799188   12.00000000
 c     6.0    0.01974186  -10.94211100   -3.05548263   12.00000000
 c     6.0    3.99146592  -10.46898980   -0.96869549   12.00000000
 c     6.0    0.25838820  -13.59544750   -3.39827324   12.00000000
 h     1.0   -1.62716301  -10.19966870   -3.98835394    1.00782504
 c     6.0    4.41665745  -13.05403560   -1.05378084   12.00000000
 h     1.0    5.93972525   -9.22659463    0.02133026    1.00782504
 c     6.0    2.53447242  -14.64789780   -2.35565355   12.00000000
 h     1.0   -1.15766038  -15.01211460   -4.29600475    1.00782504
 h     1.0    6.42719394  -13.99378440   -0.37966127    1.00782504
 h     1.0    2.80593824  -16.60241910   -2.66629120    1.00782504
 c     6.0    8.40899491    6.75518874    1.41523721   12.00000000
 h     1.0    7.54066028    6.65566818    3.41779940    1.00782504
 h     1.0    9.73241937    5.04167153    1.17992314    1.00782504
 h     1.0    9.50656174    8.58618645    1.15902084    1.00782504
