    0.000012890   -0.000082551    0.000124593
    0.000069864   -0.000054114   -0.000332859
    0.000027252    0.000247978    0.000321636
   -0.000393547    0.000182686   -0.000412979
    0.000004468   -0.000404613   -0.000596615
    0.000212064    0.000443072    0.000248420
    0.000429336    0.000483917    0.000123369
   -0.001596849    0.000436129    0.003241723
    0.000207804    0.000095581   -0.000258765
    0.000892858   -0.001504338    0.001625465
   -0.000073115    0.000128091    0.000012361
   -0.000427750   -0.000443070    0.001224937
    0.000495213   -0.000378707    0.000448991
   -0.000290139    0.000492214   -0.000235496
   -0.000281927   -0.000203968   -0.000030954
   -0.000025646   -0.000337785   -0.000319669
   -0.000125400   -0.000173914   -0.000453946
    0.000260397    0.000431246    0.001301452
    0.000023872   -0.000455623    0.000065967
   -0.000827116   -0.000037368   -0.000188358
    0.000095204    0.000466423   -0.000021918
   -0.002199834   -0.001188965    0.000478594
    0.001301875    0.001865564    0.000090344
    0.000454373   -0.000285084    0.000224377
    0.000009551   -0.000447198    0.000296423
    0.000016470    0.000027232    0.000233700
    0.000375880   -0.000074245    0.000195148
    0.000115574   -0.000354754    0.001362950
    0.000387965    0.000080389   -0.000248887
   -0.000362935    0.001338773    0.000106191
   -0.000692456    0.000282459   -0.000287556
   -0.000948730   -0.000587180   -0.000711228
    0.001339640   -0.001271415    0.001883194
   -0.001554946    0.001916320   -0.000025099
   -0.000596061   -0.000286723   -0.000223102
    0.001009268    0.000416874    0.001642465
    0.002242684    0.001111322    0.002786091
    0.001424202   -0.002354042    0.001086305
