 s    16.0   -0.84585011    2.20830918   -0.25969080   31.97207180
 o     8.0   -1.36894527    2.70609173    2.41048445   15.99491464
 o     8.0   -2.90206665    2.64279809   -2.29563418   15.99491464
 c     6.0    2.01588366    3.79075091   -1.21988039   12.00000000
 c     6.0    4.21863108    3.59037299    0.30286619   12.00000000
 c     6.0    1.84098602    5.25051427   -3.42822638   12.00000000
 c     6.0    6.28819951    4.99542664   -0.47052793   12.00000000
 h     1.0    4.13799835    2.46154163    1.76239348    1.00782504
 c     6.0    4.12589546    6.35922234   -4.23184307   12.00000000
 h     1.0    0.17134108    5.41279882   -4.69437133    1.00782504
 c     6.0    6.12572105    6.25580985   -2.74194845   12.00000000
 h     1.0    4.04779655    7.51207689   -6.06258162    1.00782504
 h     1.0    7.92833093    7.13215001   -3.14280868    1.00782504
 c     6.0   -0.08689957   -1.13452942   -0.78702823   12.00000000
 c     6.0   -0.40897672   -2.22265743   -3.34652095   12.00000000
 c     6.0    1.30523732   -2.55335770    1.13492630   12.00000000
 c     6.0    0.40551650   -4.77141276   -3.53965234   12.00000000
 h     1.0   -0.83738481   -1.17283201   -4.67928879    1.00782504
 c     6.0    1.93173725   -4.95322789    0.74129826   12.00000000
 h     1.0    1.81554294   -1.51644021    2.83183259    1.00782504
 c     6.0    1.53701273   -6.17217283   -1.48442916   12.00000000
 h     1.0    0.36867400   -5.84048481   -5.23841092    1.00782504
 h     1.0    2.62895704   -6.28894639    2.19325419    1.00782504
 c     6.0    2.13569420   -8.93899193   -2.05167982   12.00000000
 c     6.0    0.38146001  -10.39543510   -3.34693032   12.00000000
 c     6.0    4.19613031   -9.79647667   -0.76947941   12.00000000
 c     6.0    1.12070971  -12.88066340   -3.85246152   12.00000000
 h     1.0   -1.26285537   -9.41612469   -3.92822273    1.00782504
 c     6.0    4.95226255  -12.28129440   -1.22735852   12.00000000
 h     1.0    5.27113507   -8.58452484    0.67495992    1.00782504
 c     6.0    3.48405064  -13.78179730   -2.79428152   12.00000000
 h     1.0   -0.09212198  -14.08184070   -5.04277486    1.00782504
 h     1.0    6.61277245  -13.09411130   -0.37337784    1.00782504
 h     1.0    4.10737225  -15.67875930   -3.04459401    1.00782504
 c     6.0    8.58301895    5.43905287    1.10310363   12.00000000
 h     1.0    8.69627776    3.68562920    2.89119361    1.00782504
 h     1.0   10.56462710    5.41716957   -0.34328747    1.00782504
 h     1.0    8.51940140    7.83203226    2.17735350    1.00782504
