   -0.000143212   -0.000299174   -0.000148811
    0.000020091    0.000245611    0.000102426
    0.000036087    0.000152269    0.000016594
    0.000300122   -0.000020506   -0.000206053
    0.000058196    0.000256397   -0.000162450
    0.000100689    0.000254478   -0.000122383
    0.000143592    0.000385425    0.000297129
    0.002195219   -0.002159118   -0.000880125
   -0.000307550    0.000025115   -0.000074867
   -0.000237916   -0.000096881   -0.000698573
    0.000039294   -0.000132655    0.000102708
    0.000212298    0.000812813    0.000947149
   -0.001456398   -0.002507060    0.003854695
   -0.000022710    0.000066662   -0.000106559
   -0.000132151   -0.000767329   -0.000095452
    0.000299667    0.000148931   -0.000138129
    0.000127516    0.000510004    0.000908039
    0.001923584    0.000167116   -0.000457881
    0.000262620   -0.000020380   -0.000198126
    0.002242313   -0.000168627    0.000620834
    0.000208394   -0.000115980    0.000257250
   -0.000952913   -0.001568383   -0.002419990
   -0.001097849    0.000121391   -0.000323413
   -0.000487107    0.000029185   -0.000242591
   -0.000211789   -0.000511612   -0.000054205
    0.000042404    0.000197962   -0.000103135
    0.000031699    0.000377936   -0.000001815
    0.000299579    0.001779342    0.001358977
    0.000036180    0.000160839   -0.000091178
    0.000816194   -0.000721403   -0.000567729
   -0.000312981    0.000203555    0.000037116
    0.002870112    0.001131202    0.000225750
    0.001975551   -0.000337267    0.001588939
   -0.001705539   -0.001710329    0.000442669
   -0.000371170   -0.000335787   -0.000096989
   -0.000646920    0.000394607    0.000730800
    0.000164131    0.001063021   -0.000236500
   -0.000617022   -0.001486966   -0.000250259
