 s    16.0   -0.71077566    2.09688153   -0.03401485   31.97207180
 o     8.0   -0.52968085    2.48184007    2.76579155   15.99491464
 o     8.0   -3.26445558    2.48672776   -1.37840068   15.99491464
 c     6.0    1.76185343    3.83273723   -1.41635327   12.00000000
 c     6.0    4.43235691    3.43102111   -0.18830361   12.00000000
 c     6.0    1.15351282    5.83756589   -3.29495851   12.00000000
 c     6.0    6.43841902    5.09041635   -1.00242897   12.00000000
 h     1.0    4.75998886    2.09835070    1.17868404    1.00782504
 c     6.0    3.15431560    7.37439630   -4.18646889   12.00000000
 h     1.0   -0.71852892    6.45656223   -4.61440331    1.00782504
 c     6.0    5.74360743    6.99490947   -3.09650370   12.00000000
 h     1.0    2.50430992    9.29648818   -5.78340695    1.00782504
 h     1.0    7.41013908    7.86043660   -3.94834426    1.00782504
 c     6.0    0.30546526   -1.08194887   -0.70890585   12.00000000
 c     6.0    0.94194548   -1.84524093   -3.51557488   12.00000000
 c     6.0    0.34599632   -2.77374669    1.37732374   12.00000000
 c     6.0    1.41449331   -4.45272074   -3.92922909   12.00000000
 h     1.0    0.58584156   -0.58016780   -5.19854979    1.00782504
 c     6.0    1.09315229   -5.34926895    0.80427483   12.00000000
 h     1.0   -0.07949240   -2.30254033    3.29607655    1.00782504
 c     6.0    1.63439984   -6.09555096   -1.82016262   12.00000000
 h     1.0    2.11719965   -4.87555107   -6.03253579    1.00782504
 h     1.0    0.93518851   -7.03440552    2.28579267    1.00782504
 c     6.0    2.34894651   -8.75988620   -2.10240697   12.00000000
 c     6.0    1.77025955   -9.89086959   -4.91595761   12.00000000
 c     6.0    3.28625111  -10.40075490    0.56588831   12.00000000
 c     6.0    2.11013489  -12.65263620   -4.98704797   12.00000000
 h     1.0    0.73442230   -9.04019676   -6.82651661    1.00782504
 c     6.0    3.55091295  -13.02420860    0.51388014   12.00000000
 h     1.0    4.01671242   -9.66000295    2.27195692    1.00782504
 c     6.0    3.06896670  -14.26412200   -2.34045531   12.00000000
 h     1.0    1.62016799  -13.75387990   -6.99478623    1.00782504
 h     1.0    3.91387741  -14.32130830    2.56252267    1.00782504
 h     1.0    3.34045303  -16.15725670   -2.20322496    1.00782504
 c     6.0    8.84197739    4.79607683    0.28034578   12.00000000
 h     1.0    8.09718286    5.32943586    2.64900806    1.00782504
 h     1.0    9.65907861    2.22804329   -0.08733635    1.00782504
 h     1.0   10.91336790    6.29337200   -0.68163179    1.00782504
