    0.000031136   -0.000066949   -0.000362042
   -0.000196612    0.000115567    0.000233771
    0.000206734    0.000078602    0.000163063
   -0.000180003   -0.000143110   -0.000174104
    0.000332051    0.000156738    0.000518056
   -0.000108736    0.000272499   -0.000142223
   -0.000783478   -0.000326843   -0.000218606
   -0.001558976    0.000729350   -0.001273281
   -0.000019551   -0.000225446    0.000543520
    0.001069746   -0.000189937   -0.000969142
    0.000322673    0.000115531    0.000309612
   -0.001436006   -0.000781191   -0.000492810
    0.001841653    0.000814081   -0.001327288
    0.000200435    0.000506561    0.000567035
   -0.000023965    0.000272590    0.000062779
   -0.000156085   -0.000306682    0.000096827
    0.000381200   -0.000043077    0.000018368
   -0.000140178    0.000527678    0.000014964
   -0.000082543    0.000467047   -0.000274990
    0.000734255    0.000397413   -0.001684495
   -0.000551889   -0.000328764    0.000005866
    0.001298190   -0.001680478    0.000280991
    0.001850103   -0.003735524    0.001720316
    0.000264603   -0.000159857    0.000020845
    0.000434331    0.000382077    0.000286767
   -0.000365386   -0.000559544   -0.000413559
   -0.000213071    0.000203913    0.000048986
   -0.002381979   -0.000693366   -0.000988854
   -0.000143960   -0.000002983   -0.000421977
    0.000841958    0.000719194    0.000346608
    0.000569508    0.000033082    0.000421074
   -0.000940681   -0.000837826    0.000193997
    0.000093666   -0.002041880   -0.000184266
   -0.001398599   -0.000077269    0.000010496
   -0.000140760    0.000294518   -0.000923779
    0.000042759   -0.001386827    0.002539840
    0.000839914   -0.000428531    0.002461019
    0.001247530    0.000465147    0.000628903
