 s    16.0   -0.94641399    2.30205656   -0.23763208   31.97207180
 o     8.0   -1.15489794    2.74143778    2.32659752   15.99491464
 o     8.0   -2.88731913    3.30259099   -2.01324216   15.99491464
 c     6.0    2.17381118    3.69050760   -1.29676128   12.00000000
 c     6.0    3.86517301    4.36030134    0.66565661   12.00000000
 c     6.0    2.53700514    4.31435992   -3.83606300   12.00000000
 c     6.0    6.30126856    5.28762277   -0.13906712   12.00000000
 h     1.0    3.82301192    3.38838012    2.37155938    1.00782504
 c     6.0    4.83156343    5.34078387   -4.56698169   12.00000000
 h     1.0    1.06333330    3.83146294   -5.25124039    1.00782504
 c     6.0    6.71566964    5.74761795   -2.90804704   12.00000000
 h     1.0    5.07322864    5.71253002   -6.79400724    1.00782504
 h     1.0    8.65207270    6.80481515   -3.41775524    1.00782504
 c     6.0   -0.48294477   -1.11295310   -0.88665453   12.00000000
 c     6.0   -1.69262088   -2.44079210   -2.95450268   12.00000000
 c     6.0    1.30264497   -2.23841744    1.02450116   12.00000000
 c     6.0   -0.99545985   -5.01633296   -3.43984182   12.00000000
 h     1.0   -3.25587530   -1.63370067   -4.33578782    1.00782504
 c     6.0    2.01347030   -4.75076819    0.59714617   12.00000000
 h     1.0    2.18313699   -0.77661610    2.48817029    1.00782504
 c     6.0    0.97869847   -6.22271288   -1.64464307   12.00000000
 h     1.0   -2.34406913   -6.29976109   -4.88629389    1.00782504
 h     1.0    3.55352073   -5.69183060    2.03839310    1.00782504
 c     6.0    1.90778042   -8.84719337   -1.83546110   12.00000000
 c     6.0    0.40041857  -10.69405310   -3.19215158   12.00000000
 c     6.0    4.69387830   -9.46367338   -1.26735790   12.00000000
 c     6.0    1.41671499  -13.03399490   -3.61736404   12.00000000
 h     1.0   -1.76571164  -10.16260370   -3.87747082    1.00782504
 c     6.0    5.77292662  -11.87228260   -1.95956686   12.00000000
 h     1.0    6.08224499   -7.89733282   -0.64399960    1.00782504
 c     6.0    4.04046096  -13.78091040   -2.94524500   12.00000000
 h     1.0   -0.12734979  -14.73289840   -4.46667087    1.00782504
 h     1.0    7.64385012  -12.18677420   -1.16541822    1.00782504
 h     1.0    5.00301370  -15.55791640   -3.02367395    1.00782504
 c     6.0    8.38915750    5.53586643    1.86526194   12.00000000
 h     1.0    7.34700697    6.36324854    4.14197774    1.00782504
 h     1.0    9.15649504    3.18145850    2.11883089    1.00782504
 h     1.0    9.95014063    7.29045830    0.73220290    1.00782504
