   -0.000302543   -0.000049264    0.000100841
   -0.000093014   -0.000071560    0.000092632
   -0.000040715   -0.000020743   -0.000105955
    0.000257741   -0.000263980   -0.000128077
    0.000361685    0.000372567   -0.000265568
   -0.000519112   -0.000228127   -0.000047426
    0.000441360    0.000309157   -0.000340515
    0.000027792   -0.002884494    0.003103032
    0.000354942    0.000476849   -0.000056774
   -0.002144171    0.000689975   -0.001690417
   -0.000268086   -0.000505339    0.000379390
   -0.001011215   -0.001116794    0.000565181
    0.001359357    0.001303602    0.000314722
    0.000452521    0.000040466   -0.000174036
    0.000042095    0.000188632    0.000421591
   -0.000131775    0.000223432   -0.000055524
    0.000037145    0.000679178   -0.000164669
   -0.001483847   -0.000029794   -0.001968189
   -0.000020316    0.000222308   -0.000414686
    0.001283650   -0.001367541   -0.000804938
    0.000225452   -0.000181232    0.000517054
   -0.001654794   -0.001646240   -0.002825550
   -0.000557228   -0.001376872   -0.000437801
    0.000571626    0.000022916    0.000240501
    0.000588854   -0.000234960   -0.000183663
   -0.000057163    0.000202340   -0.000128312
   -0.000317844   -0.000048110    0.000161270
   -0.000182291   -0.000222262    0.002203896
   -0.000293321   -0.000814397    0.000150441
   -0.001127156    0.002609706    0.000049928
   -0.000066735   -0.000214607   -0.000194545
    0.001455568   -0.000822308    0.001552031
   -0.002638571    0.000162373   -0.002679625
   -0.000913293    0.003019804    0.000819391
    0.000218832    0.000199215    0.000101881
   -0.000879500    0.000900549   -0.000689020
   -0.000823656   -0.000392525    0.000061883
   -0.001341225   -0.001113117    0.001593023
