 s    16.0   -0.76142892    2.27533169   -0.04694922   31.97207180
 o     8.0   -0.94200916    2.67947653    2.73921954   15.99491464
 o     8.0   -2.89312029    2.81787639   -1.65218404   15.99491464
 c     6.0    2.00330966    3.69658213   -1.23196227   12.00000000
 c     6.0    3.72707799    4.82241868    0.79670200   12.00000000
 c     6.0    2.33820966    3.76254748   -3.99142604   12.00000000
 c     6.0    6.06816683    5.62751585   -0.41534270   12.00000000
 h     1.0    3.44330410    4.79948664    2.84311509    1.00782504
 c     6.0    4.81641239    4.64782254   -5.02953024   12.00000000
 h     1.0    1.10174663    3.17225852   -5.16796770    1.00782504
 c     6.0    6.59102091    5.55732198   -3.28951564   12.00000000
 h     1.0    5.17471402    4.97529285   -7.09154721    1.00782504
 h     1.0    8.29859949    6.08914882   -3.72678997    1.00782504
 c     6.0    0.03946152   -1.00352154   -0.71140482   12.00000000
 c     6.0   -0.79712009   -2.16991920   -3.04887481   12.00000000
 c     6.0    1.26623960   -2.41656458    1.26423868   12.00000000
 c     6.0   -0.19739548   -4.77407400   -3.35541602   12.00000000
 h     1.0   -1.88761112   -0.80756343   -4.54289851    1.00782504
 c     6.0    1.87339087   -4.93729022    0.57369340   12.00000000
 h     1.0    1.62097952   -1.82569727    3.30658790    1.00782504
 c     6.0    1.23569547   -6.07805257   -1.64561346   12.00000000
 h     1.0   -1.53884824   -5.64417629   -5.08693946    1.00782504
 h     1.0    2.86915894   -6.10607268    2.05912127    1.00782504
 c     6.0    1.98131014   -8.70493673   -2.02159055   12.00000000
 c     6.0    0.84787482  -10.31959670   -3.86412718   12.00000000
 c     6.0    4.10609766   -9.80117888   -0.89323262   12.00000000
 c     6.0    1.40744358  -12.94556740   -4.27650279   12.00000000
 h     1.0   -0.95320894   -9.66687932   -4.92128179    1.00782504
 c     6.0    4.96958711  -12.28888970   -1.49465005   12.00000000
 h     1.0    5.08254374   -8.76376655    0.37150121    1.00782504
 c     6.0    3.41425865  -13.83970090   -3.00089330   12.00000000
 h     1.0    0.22374915  -14.13779370   -5.36130338    1.00782504
 h     1.0    6.36609882  -13.25199460   -0.56099402    1.00782504
 h     1.0    4.07236628  -15.89361670   -3.33929176    1.00782504
 c     6.0    7.92462636    6.58495220    1.77329509   12.00000000
 h     1.0    7.09788141    6.15695796    3.58889760    1.00782504
 h     1.0   10.42197260    5.90148600    1.53190451    1.00782504
 h     1.0    8.07266276    8.81295538    1.95017799    1.00782504
