    0.000021549    0.000134633    0.000206342
    0.000256879    0.000017486    0.000042097
   -0.000227311   -0.000003567   -0.000384429
    0.000034644    0.000257656    0.000188332
    0.000403461   -0.000132512    0.000326843
    0.000198671   -0.000068493   -0.000197591
    0.000364362   -0.000030344    0.000111294
   -0.000238641    0.000690846   -0.000909286
   -0.000425571    0.000371555   -0.000387411
   -0.000813570   -0.000418882   -0.000536932
    0.000109424    0.000410976    0.000165612
   -0.002050100   -0.001204714    0.002443203
   -0.003684249   -0.001452620    0.000321058
   -0.000024368    0.000084167   -0.000541395
    0.000079768   -0.000684573    0.000168456
   -0.000186296    0.000126296   -0.000087561
    0.000222966    0.000160444    0.000282457
   -0.000004619    0.000950468   -0.002023241
    0.000088318   -0.000788052    0.000225717
   -0.001108159    0.001483534   -0.000374782
    0.000194402    0.000228882    0.000111524
   -0.001306877    0.000178106   -0.000120697
   -0.000875667    0.000744487   -0.002367701
    0.000232357   -0.000562247   -0.000313817
    0.000011027   -0.000160576    0.000136771
   -0.000217114    0.000063015   -0.000193417
   -0.000479018    0.000540628   -0.000392791
    0.000932389   -0.001746591    0.000595063
   -0.000167908    0.000503931    0.000555012
   -0.000095749    0.001847163    0.002610466
    0.000177900   -0.000559194   -0.000159455
   -0.000721020    0.000643533   -0.000982558
    0.002645788   -0.001688915    0.001618283
   -0.000733117   -0.001036370   -0.000077809
   -0.000433601    0.000284079   -0.000038045
   -0.000261609   -0.002556697    0.001404228
    0.004370470   -0.000017463    0.000267784
    0.000602536   -0.001464140   -0.002531995
