 s    16.0   -0.39143278    2.08724821   -0.34854770   31.97207180
 o     8.0   -0.64281800    2.28066815    2.44756477   15.99491464
 o     8.0   -2.52921706    2.44082545   -2.16995534   15.99491464
 c     6.0    2.19734836    4.10038594   -1.23437793   12.00000000
 c     6.0    3.74030824    5.47333678    0.88417348   12.00000000
 c     6.0    2.73774599    4.03860409   -4.10247849   12.00000000
 c     6.0    5.77178773    6.89453838    0.05817916   12.00000000
 h     1.0    3.27208938    5.51130669    2.75415926    1.00782504
 c     6.0    4.60147126    5.90166356   -4.70760968   12.00000000
 h     1.0    1.31351936    3.08772050   -5.54866233    1.00782504
 c     6.0    6.33836779    7.03761236   -2.71896557   12.00000000
 h     1.0    5.15885323    6.38879988   -6.90338225    1.00782504
 h     1.0    8.07665010    8.24440866   -3.05833285    1.00782504
 c     6.0    0.62889091   -1.22853624   -0.88280617   12.00000000
 c     6.0   -0.50984649   -2.53537918   -3.07060731   12.00000000
 c     6.0    1.88850631   -2.64772832    1.03448095   12.00000000
 c     6.0    0.10671487   -5.15806966   -3.42843455   12.00000000
 h     1.0   -1.54994114   -1.48964572   -4.86182163    1.00782504
 c     6.0    2.13257901   -5.27121617    0.64310537   12.00000000
 h     1.0    2.64414833   -1.59537142    2.81140002    1.00782504
 c     6.0    1.28861407   -6.51607225   -1.50125000   12.00000000
 h     1.0   -0.28220631   -6.01241554   -5.66565343    1.00782504
 h     1.0    2.68206504   -6.41946869    2.06235221    1.00782504
 c     6.0    1.60992917   -9.38440251   -1.85627891   12.00000000
 c     6.0   -0.20484087  -10.90344650   -3.04479601   12.00000000
 c     6.0    4.25169003  -10.49983820   -1.42932489   12.00000000
 c     6.0    0.10135777  -13.57956730   -3.54453502   12.00000000
 h     1.0   -2.11144461  -10.24653480   -3.72242729    1.00782504
 c     6.0    4.82167282  -13.04815510   -2.02399705   12.00000000
 h     1.0    5.26614068   -9.17843276   -0.41308192    1.00782504
 c     6.0    2.78072665  -14.64274910   -3.21652984   12.00000000
 h     1.0   -1.06891417  -14.41550570   -4.69999669    1.00782504
 h     1.0    6.71005665  -13.93803590   -1.50799441    1.00782504
 h     1.0    3.16074543  -16.68785100   -3.47432997    1.00782504
 c     6.0    7.61534769    8.45773037    2.17578688   12.00000000
 h     1.0    7.84440926    6.29310238    3.82669143    1.00782504
 h     1.0   10.07462530    8.89526433    1.16003196    1.00782504
 h     1.0    6.44092657   10.93704940    2.94341599    1.00782504
