   -0.000005036    0.000058151    0.000141363
   -0.000224436   -0.000008574    0.000000188
   -0.000346558    0.000022308   -0.000197942
    0.000421215    0.000055394    0.000068010
    0.000305974    0.000261684   -0.000945997
    0.000113709   -0.000315647    0.000144582
   -0.000025070    0.000311279    0.000598299
    0.000056301   -0.001308099    0.002478787
    0.000063834   -0.000000632    0.000262868
   -0.003270953    0.001727575    0.000541617
   -0.000284246    0.000192737   -0.000524043
   -0.001694632   -0.001515158   -0.000180662
    0.001506493    0.002280720   -0.000785064
    0.000337635   -0.000540469   -0.000109939
    0.000336936    0.000075817   -0.000108179
   -0.000415805    0.000790485    0.000010254
    0.000006248   -0.000100721    0.000022343
    0.001422767   -0.002507567    0.000786060
    0.000099824   -0.000289512    0.000481521
   -0.000736215   -0.002579755   -0.000568039
    0.000161962   -0.000047883    0.000097345
    0.001206860   -0.000356338    0.001502867
    0.000532375   -0.000179433   -0.001435281
   -0.000058865    0.000681910   -0.000424396
    0.000194262    0.000288701    0.000012465
    0.000053748    0.000056876   -0.000162258
    0.000050096   -0.000018670    0.000338428
    0.000568671   -0.001745529    0.000777746
   -0.000036487    0.000090901    0.000472174
    0.000027301   -0.003256191   -0.000484085
   -0.000319547   -0.000352952   -0.000331026
   -0.000143911   -0.000143536   -0.001383109
   -0.001283025   -0.000566360   -0.001790777
   -0.000657680   -0.001805189   -0.000530168
   -0.000344405   -0.000290800    0.000163471
    0.000354291   -0.000660283    0.000126369
    0.001622369   -0.000043061   -0.001433762
    0.001835850    0.000479397    0.000235404
