 s    16.0   -0.61771686    1.92814768   -0.46916904   31.97207180
 o     8.0   -1.07782143    2.42083235    2.22916497   15.99491464
 o     8.0   -2.39666246    2.66100130   -2.55987742   15.99491464
 c     6.0    2.30675945    3.82605270   -1.19538496   12.00000000
 c     6.0    4.03934969    4.46218696    0.71771219   12.00000000
 c     6.0    2.36400507    4.76663858   -3.81287403   12.00000000
 c     6.0    6.06202728    6.03103818   -0.09635244   12.00000000
 h     1.0    3.99553015    3.80095874    2.64406817    1.00782504
 c     6.0    4.53063685    6.30176577   -4.46441095   12.00000000
 h     1.0    0.71151019    4.16777488   -4.84317588    1.00782504
 c     6.0    6.41083259    6.90007460   -2.50905410   12.00000000
 h     1.0    3.91424126    7.23126048   -6.38381590    1.00782504
 h     1.0    7.63254743    8.41020034   -3.02178797    1.00782504
 c     6.0   -0.08961773   -1.23484485   -0.90569759   12.00000000
 c     6.0   -1.25910802   -2.56869262   -2.99325575   12.00000000
 c     6.0    1.88798873   -2.32030269    1.01491976   12.00000000
 c     6.0   -0.50930960   -5.15056908   -3.44127887   12.00000000
 h     1.0   -2.80553112   -1.59527939   -4.43131396    1.00782504
 c     6.0    2.53476669   -4.83083098    0.52548323   12.00000000
 h     1.0    2.87734003   -1.17952036    2.96984808    1.00782504
 c     6.0    1.20028972   -6.28973342   -1.59056981   12.00000000
 h     1.0   -1.69691386   -6.12510040   -4.98503798    1.00782504
 h     1.0    4.17664725   -5.82587062    2.06184391    1.00782504
 c     6.0    1.94409340   -9.08165464   -2.10583265   12.00000000
 c     6.0   -0.14467717  -10.84476910   -3.06532081   12.00000000
 c     6.0    4.70141355   -9.84647516   -1.56139270   12.00000000
 c     6.0    0.51917776  -13.44743550   -3.23278801   12.00000000
 h     1.0   -2.16942536  -10.53322120   -3.51438699    1.00782504
 c     6.0    5.19066423  -12.48706880   -1.77187176   12.00000000
 h     1.0    6.58802088   -8.20379128   -1.42678186    1.00782504
 c     6.0    3.07037921  -14.12343110   -2.75322871   12.00000000
 h     1.0   -1.17369873  -14.98107800   -3.77385560    1.00782504
 h     1.0    7.43345697  -12.95484980   -1.35562847    1.00782504
 h     1.0    3.35435532  -16.29854190   -2.84958603    1.00782504
 c     6.0    8.07110191    6.64184764    2.13942783   12.00000000
 h     1.0    7.17755316    6.59377298    4.10327453    1.00782504
 h     1.0    9.51095065    4.96132725    2.11890493    1.00782504
 h     1.0    8.99481349    8.68364001    1.58289941    1.00782504
