    0.000178670   -0.000011664    0.000141078
   -0.000117037    0.000126303   -0.000216538
   -0.000458562   -0.000256410   -0.000117595
   -0.000125053   -0.000075491    0.000199135
   -0.000123893   -0.000034374   -0.000300702
    0.000158937    0.000156048   -0.000196380
    0.000280584    0.000054154   -0.000011754
    0.000986722    0.000538316    0.005645470
   -0.000217253   -0.000236369    0.000066846
   -0.001506876   -0.000076197   -0.002497483
    0.000258906   -0.000157757    0.000108515
   -0.000093121   -0.002346673    0.000642218
   -0.003350067    0.000584170   -0.002699747
    0.000374810    0.000046956   -0.000382457
    0.000417125   -0.000168786    0.000323154
    0.000070090   -0.000238642   -0.000469393
   -0.000144737    0.000846330    0.000092239
   -0.002866640   -0.000779006   -0.002282095
    0.000542406    0.000155749    0.000135320
   -0.000400576   -0.000148128    0.001629350
   -0.000176823   -0.000297725    0.000192517
   -0.001446618   -0.001357865   -0.001956416
   -0.002010550   -0.000170151   -0.000751675
   -0.000117190   -0.000326909   -0.000324313
   -0.000165906    0.000223882    0.000106130
    0.000077663    0.000757440    0.000370095
    0.000216135   -0.000053275    0.000422371
    0.000977103   -0.001575952    0.001544552
   -0.000025795   -0.000174388   -0.000351501
   -0.000536976   -0.002574090   -0.001850117
   -0.000161543    0.000507002   -0.000333797
    0.000283114   -0.000166911   -0.000694566
   -0.000101675   -0.001262164    0.001759304
   -0.001591740   -0.002277737    0.000512608
    0.000160134   -0.000096172    0.000255978
    0.001171058    0.000361852   -0.000830335
   -0.000690876   -0.000772993    0.001661317
   -0.000847136    0.003883290    0.002152403
