 s    16.0   -0.70142476    2.08188960   -0.32346535   31.97207180
 o     8.0   -0.72702416    2.46716615    2.45835589   15.99491464
 o     8.0   -2.73952687    2.87458865   -1.89482378   15.99491464
 c     6.0    2.15812316    3.62261201   -1.39467623   12.00000000
 c     6.0    3.98336174    4.30194249    0.45872989   12.00000000
 c     6.0    2.41581875    4.36677964   -3.87729280   12.00000000
 c     6.0    6.24847586    5.55088331   -0.46045042   12.00000000
 h     1.0    3.93102300    4.10199855    2.64125358    1.00782504
 c     6.0    4.59533997    5.72005490   -4.81137604   12.00000000
 h     1.0    0.92821361    3.72720504   -5.03509109    1.00782504
 c     6.0    6.17045759    6.35057242   -3.02560179   12.00000000
 h     1.0    4.63280827    6.12123054   -6.85336894    1.00782504
 h     1.0    7.64591213    7.51393960   -3.97145880    1.00782504
 c     6.0   -0.30272724   -1.17035489   -0.63767777   12.00000000
 c     6.0   -0.75059578   -2.35729794   -2.95542857   12.00000000
 c     6.0    0.71539797   -2.45070632    1.39629093   12.00000000
 c     6.0    0.10698114   -4.94512866   -3.18285641   12.00000000
 h     1.0   -1.47314616   -1.37377759   -4.50996442    1.00782504
 c     6.0    1.27270795   -5.11833104    1.13896274   12.00000000
 h     1.0    0.99911900   -1.39625483    3.20465428    1.00782504
 c     6.0    0.96616853   -6.32003765   -1.17247031   12.00000000
 h     1.0   -0.12974639   -5.72580579   -5.11734310    1.00782504
 h     1.0    2.05150005   -6.11113615    2.75102558    1.00782504
 c     6.0    1.79065957   -8.76516238   -1.82673159   12.00000000
 c     6.0    0.41752149  -10.32341900   -3.40263335   12.00000000
 c     6.0    4.14889522   -9.89789001   -0.74368653   12.00000000
 c     6.0    1.48541602  -12.55527240   -4.28839304   12.00000000
 h     1.0   -1.10907479   -9.59763035   -4.42210122    1.00782504
 c     6.0    5.14264110  -12.27807930   -1.48167705   12.00000000
 h     1.0    4.90816363   -8.80858435    0.81135382    1.00782504
 c     6.0    3.93068445  -13.59555920   -3.55306106   12.00000000
 h     1.0    0.54364288  -14.23263330   -5.71422439    1.00782504
 h     1.0    6.70677060  -12.97086450   -0.21713410    1.00782504
 h     1.0    4.60142466  -15.42775210   -4.15178925    1.00782504
 c     6.0    8.34668632    6.01904449    1.41933715   12.00000000
 h     1.0    7.05864496    7.23073629    3.59181127    1.00782504
 h     1.0    9.54042713    3.17148868    2.46794346    1.00782504
 h     1.0   10.09023920    7.45597760    0.06799192    1.00782504
