    0.000179759    0.000015303    0.000322916
   -0.000087596    0.000239740   -0.000077348
   -0.000020846    0.000075499   -0.000185787
    0.000131728    0.000015144    0.000120802
    0.000072349   -0.000142281    0.000040205
   -0.000036017   -0.000178806    0.000084821
   -0.000162857    0.000049402   -0.000343872
   -0.000667885    0.000344811   -0.002901567
   -0.000357965    0.000003879    0.000466455
   -0.001822703   -0.000566210   -0.000846451
    0.000320025   -0.000021251    0.000193073
    0.000964600    0.002602993   -0.004916931
    0.000347165    0.000063636    0.000275576
   -0.000245722    0.000381025   -0.000212700
    0.000177123    0.000025910   -0.000050853
    0.000322972    0.000477827    0.000114192
   -0.000190214   -0.000410187   -0.000152004
   -0.001487575    0.002550014   -0.003407150
    0.000196105   -0.000895008    0.000257966
   -0.000084467   -0.000106294   -0.002701007
    0.000009111   -0.000072534   -0.000010977
   -0.000989093   -0.000633240   -0.000879003
   -0.001583597    0.002488502   -0.002557776
    0.000329573    0.000333188    0.000423834
   -0.000166011   -0.000358458   -0.000376338
    0.000016631    0.000253396   -0.000244630
    0.000062431    0.000437703    0.000511775
    0.001255745    0.000200267    0.001368931
   -0.000132355   -0.000060398    0.000137776
   -0.002243901   -0.000802452   -0.002990154
    0.000115062   -0.000476328   -0.000338473
    0.000673086    0.000071818    0.001927095
   -0.000678455   -0.000109187    0.000752243
    0.000544384   -0.001365513    0.000106464
   -0.000193068   -0.000059603   -0.000017421
    0.001030076   -0.001590137    0.002204612
   -0.001572382   -0.000735913    0.000663440
   -0.000886451    0.000408841    0.000613261
