 s    16.0   -0.59182384    1.96226248   -0.17435410   31.97207180
 o     8.0   -0.71953859    2.01006698    2.67671454   15.99491464
 o     8.0   -2.66119888    2.57554159   -1.87088902   15.99491464
 c     6.0    2.00354924    4.07452205   -1.10641048   12.00000000
 c     6.0    4.16144315    4.62146951    0.41492836   12.00000000
 c     6.0    1.87719684    5.17953497   -3.57217828   12.00000000
 c     6.0    5.86144260    6.54335537   -0.47612123   12.00000000
 h     1.0    4.22480045    3.54231605    2.23860889    1.00782504
 c     6.0    3.74496831    6.86275268   -4.48877917   12.00000000
 h     1.0    0.02482750    4.42948882   -4.44843873    1.00782504
 c     6.0    5.71703938    7.52309963   -2.75866613   12.00000000
 h     1.0    3.46319471    7.73098616   -6.45646015    1.00782504
 h     1.0    7.04776041    8.87993909   -3.35645301    1.00782504
 c     6.0    0.57532685   -1.32212866   -0.90796216   12.00000000
 c     6.0    0.96007964   -2.15834105   -3.51729689   12.00000000
 c     6.0    1.15314732   -2.83608630    1.03116896   12.00000000
 c     6.0    1.69336412   -4.66138203   -4.00738886   12.00000000
 h     1.0   -0.23243420   -1.04763220   -4.95040548    1.00782504
 c     6.0    1.94363134   -5.36073449    0.46894127   12.00000000
 h     1.0    0.82228636   -2.33326651    3.13050176    1.00782504
 c     6.0    2.18635196   -6.21806647   -1.99372819   12.00000000
 h     1.0    1.64767795   -5.47274828   -5.96856114    1.00782504
 h     1.0    2.21744333   -6.59458632    2.31953900    1.00782504
 c     6.0    2.22598254   -9.11703728   -2.19704588   12.00000000
 c     6.0    0.59316931  -10.47643170   -3.91504502   12.00000000
 c     6.0    4.01624076  -10.76380880   -0.67187042   12.00000000
 c     6.0    0.27950285  -13.32200000   -3.60322009   12.00000000
 h     1.0   -0.99855626   -9.34632749   -5.07059309    1.00782504
 c     6.0    3.86745668  -13.50105350   -0.88698310   12.00000000
 h     1.0    5.27359525   -9.95160260    0.37644568    1.00782504
 c     6.0    2.02712707  -14.95799600   -2.28865847   12.00000000
 h     1.0   -1.56879872  -14.12504390   -4.59624128    1.00782504
 h     1.0    5.38184728  -14.70326720   -0.04767328    1.00782504
 h     1.0    1.51746314  -16.97883180   -2.15594381    1.00782504
 c     6.0    8.07019497    7.18963932    1.29124863   12.00000000
 h     1.0    8.34947519    5.12792932    2.69295589    1.00782504
 h     1.0   10.21053050    7.19056322   -0.21290226    1.00782504
 h     1.0    7.32087967    9.49853741    2.80415936    1.00782504
