   -0.000102996    0.000169526    0.000142052
    0.000222196   -0.000053283    0.000086802
   -0.000080451    0.000119462   -0.000058279
   -0.000223965   -0.000501532    0.000239864
   -0.000363098   -0.000273086   -0.000149772
    0.000065734    0.000139339   -0.000209690
   -0.000206542    0.000550596   -0.000018017
   -0.002337821   -0.000867633    0.002735094
   -0.000190633   -0.000278384   -0.000300613
    0.002308243    0.004004047   -0.001523014
    0.000655069    0.000014545   -0.000001795
    0.000189690    0.001212998   -0.001923925
    0.000309149    0.002205131    0.001366008
   -0.000036222   -0.000109730   -0.000011260
    0.000160437    0.000432274   -0.000051755
   -0.000147726   -0.000116269    0.000184963
   -0.000331648   -0.000113017   -0.000207020
   -0.001207613    0.000262613   -0.000108865
   -0.000044317   -0.000062271   -0.000200086
   -0.000205652    0.001507452    0.000890370
    0.000364674   -0.000532039    0.000284600
   -0.000681731    0.000925743   -0.002100214
    0.000104065   -0.001204499    0.001826521
    0.000761695   -0.000258033   -0.000124247
   -0.000563033    0.000305300    0.000018806
   -0.000414383    0.000102945    0.000429803
    0.000216392   -0.000144589    0.000339169
    0.002628206   -0.001633449    0.000961640
    0.000294073    0.000064790   -0.000048267
   -0.001184746   -0.000517835   -0.000991426
    0.000215080   -0.000056688   -0.000465902
   -0.000012040    0.000885781   -0.000299021
   -0.003398250   -0.002216010   -0.002239026
   -0.000132695    0.001071779    0.002014323
    0.000150005   -0.000255585    0.000178168
   -0.002247638   -0.000368190   -0.001285959
    0.001241168    0.000275511   -0.001980522
    0.001344785    0.001020471   -0.000964278
