 s    16.0   -0.85922688    2.28204044   -0.22869629   31.97207180
 o     8.0   -1.00948046    2.49559170    2.54621535   15.99491464
 o     8.0   -2.89088096    2.51607234   -2.06359489   15.99491464
 c     6.0    1.98254943    3.62447852   -1.31694114   12.00000000
 c     6.0    4.22325941    3.69555583    0.14932839   12.00000000
 c     6.0    1.71824132    5.47068422   -3.46481004   12.00000000
 c     6.0    6.28394552    5.31083423   -0.71519425   12.00000000
 h     1.0    4.51684148    2.31613379    2.06368314    1.00782504
 c     6.0    3.69447912    6.94929254   -4.24207210   12.00000000
 h     1.0   -0.06097007    5.49698962   -4.94092912    1.00782504
 c     6.0    6.00754590    6.86828749   -2.79876429   12.00000000
 h     1.0    3.07586252    8.24996170   -5.97435384    1.00782504
 h     1.0    7.47737199    8.35604552   -3.16273013    1.00782504
 c     6.0    0.03644208   -1.01477342   -0.78683907   12.00000000
 c     6.0    0.24819614   -2.06005133   -3.23229253   12.00000000
 c     6.0    0.62773908   -2.62563079    1.36289810   12.00000000
 c     6.0    0.88483087   -4.53093359   -3.64352356   12.00000000
 h     1.0   -0.33265564   -0.81594700   -5.40502031    1.00782504
 c     6.0    1.36666324   -5.24665494    0.86419417   12.00000000
 h     1.0    0.21532949   -1.97409971    3.43484584    1.00782504
 c     6.0    1.48568208   -6.14043156   -1.57890409   12.00000000
 h     1.0    1.25549547   -5.26954463   -5.56769642    1.00782504
 h     1.0    1.69347357   -6.35550270    2.69551588    1.00782504
 c     6.0    2.20761148   -8.89579817   -1.99682557   12.00000000
 c     6.0    0.73089334  -10.38539600   -3.85948214   12.00000000
 c     6.0    4.13666241  -10.06619150   -0.52305150   12.00000000
 c     6.0    1.39420256  -13.03131080   -4.06220032   12.00000000
 h     1.0   -0.22487066   -9.60384799   -4.71011901    1.00782504
 c     6.0    4.65628521  -12.51930620   -0.78713861   12.00000000
 h     1.0    5.26607209   -8.92938796    0.98010579    1.00782504
 c     6.0    3.28535197  -14.03760720   -2.62886727   12.00000000
 h     1.0    0.39432204  -14.23184300   -5.41785114    1.00782504
 h     1.0    6.10310311  -13.63546310    0.28258255    1.00782504
 h     1.0    3.57328828  -15.99094060   -3.04421125    1.00782504
 c     6.0    8.84719329    4.88341247    0.79130336   12.00000000
 h     1.0    8.47562117    4.61960131    2.89926674    1.00782504
 h     1.0    9.64525394    2.86873998    0.15767817    1.00782504
 h     1.0   10.13105710    6.33108842    0.33842154    1.00782504
