    0.000021982    0.000024644    0.000043815
   -0.000183536   -0.000109996   -0.000197313
    0.000081904    0.000476825    0.000056253
   -0.000239531   -0.000230983    0.000313495
    0.000349291    0.000093758   -0.000096425
    0.000245795    0.000122257   -0.000072456
    0.000093286   -0.000090847    0.000342335
   -0.001037067    0.000681991    0.001264115
   -0.000261474    0.000061818    0.000149432
    0.001916111    0.000611499   -0.001159675
   -0.000182401    0.000175679   -0.000292663
    0.000295899    0.001770236   -0.001374805
   -0.001905184   -0.002144508    0.000167965
   -0.000019778   -0.000253533   -0.000016103
    0.000573853   -0.000199047   -0.000013992
   -0.000241357   -0.000147972    0.000798752
    0.000083325    0.000028979    0.000450135
   -0.001274014    0.002568561   -0.000718723
   -0.000117394   -0.000215178   -0.000574158
    0.000932104    0.001013322   -0.001783249
   -0.000207462   -0.000043027    0.000069620
    0.001187300   -0.000007001   -0.001510240
   -0.001676922    0.000050952    0.000471000
    0.000110443    0.000137697   -0.000133379
    0.000162203   -0.000026572   -0.000066788
   -0.000245185   -0.000104890    0.000187041
   -0.000626136   -0.000002060    0.000041878
   -0.001275488    0.001088119   -0.002498706
    0.000148037   -0.000155141   -0.000113381
    0.000209921    0.001705427   -0.000765477
    0.000534851   -0.000245634    0.000060024
   -0.000212816   -0.001076379   -0.000484121
    0.000711013   -0.000894328   -0.001369013
    0.000711569   -0.001420726    0.002566228
    0.000122940    0.000198010   -0.000436963
   -0.000608756   -0.000471004    0.002626631
   -0.000903903    0.002241957    0.000403756
    0.000465893   -0.001638918   -0.002098604
