 s    16.0   -0.70918935    2.11582129   -0.32386139   31.97207180
 o     8.0   -0.93917582    2.65940558    2.43374325   15.99491464
 o     8.0   -2.85767006    2.51663908   -2.00954521   15.99491464
 c     6.0    1.92906264    4.04037943   -1.29841482   12.00000000
 c     6.0    4.30347674    3.64058911   -0.07744228   12.00000000
 c     6.0    1.21472615    6.15017852   -3.27705366   12.00000000
 c     6.0    6.32193234    5.13033858   -0.87616501   12.00000000
 h     1.0    4.31158331    1.90266690    1.65814001    1.00782504
 c     6.0    3.20922441    7.73715454   -4.08416805   12.00000000
 h     1.0   -0.71261712    6.60936596   -4.63953341    1.00782504
 c     6.0    5.88900316    7.03589745   -2.83363507   12.00000000
 h     1.0    2.77297250    9.32729419   -5.51476416    1.00782504
 h     1.0    7.60835118    8.18392256   -3.58425783    1.00782504
 c     6.0    0.17428976   -1.16857869   -0.71011392   12.00000000
 c     6.0    0.71451240   -2.04610223   -3.25264952   12.00000000
 c     6.0    0.52648160   -2.67814114    1.47332503   12.00000000
 c     6.0    1.21939895   -4.60808443   -3.66126706   12.00000000
 h     1.0    0.95451175   -0.61179948   -5.10712275    1.00782504
 c     6.0    1.07716616   -5.23656630    1.04673952   12.00000000
 h     1.0   -0.09412902   -1.98353223    3.61552697    1.00782504
 c     6.0    1.32647477   -6.33393101   -1.47060525   12.00000000
 h     1.0    1.40851693   -5.55697457   -5.78477468    1.00782504
 h     1.0    1.32415542   -6.64388485    2.81244742    1.00782504
 c     6.0    2.15020681   -9.02186077   -1.92461315   12.00000000
 c     6.0    1.20664678  -10.38015070   -4.09372469   12.00000000
 c     6.0    3.64828521  -10.22597700   -0.07173631   12.00000000
 c     6.0    1.55522629  -12.98907290   -4.23854177   12.00000000
 h     1.0   -0.14034938   -9.69591745   -5.67381026    1.00782504
 c     6.0    4.36391538  -12.86668020   -0.59025598   12.00000000
 h     1.0    4.65908857   -9.03471731    1.66712886    1.00782504
 c     6.0    3.25593998  -14.27726650   -2.62291231   12.00000000
 h     1.0    1.26961273  -14.02249530   -6.24938736    1.00782504
 h     1.0    6.00877301  -14.06611440    0.62991153    1.00782504
 h     1.0    3.79729548  -16.27834300   -3.21221767    1.00782504
 c     6.0    9.10465954    4.56417226    0.54218022   12.00000000
 h     1.0    8.64143586    3.66189205    2.48469470    1.00782504
 h     1.0   10.06926500    3.02874142   -1.14505109    1.00782504
 h     1.0   10.38385930    6.69367585    1.28623971    1.00782504
