    0.000086064   -0.000100989   -0.000099242
   -0.000233807    0.000226183    0.000319400
   -0.000034644    0.000206411   -0.000005456
    0.000489448    0.000544090   -0.000026113
   -0.000398309   -0.000415930   -0.000571828
   -0.000044964   -0.000386789    0.000533506
   -0.000425441   -0.000302616    0.000270862
    0.000485958    0.000275492    0.002525690
    0.000477897   -0.000027715   -0.000121982
   -0.002841326   -0.000418170   -0.002694829
    0.000254032   -0.000029933    0.000179295
   -0.000543890   -0.001044523   -0.000195075
   -0.000862804   -0.000034667   -0.001204430
   -0.000180293   -0.000145584   -0.000043339
    0.000204094   -0.000145220    0.000575779
   -0.000220347    0.000846503    0.000502437
    0.000427257    0.000395847    0.000361124
   -0.001397530   -0.001408824   -0.003846910
   -0.000302918   -0.000205698   -0.000410677
    0.000584374   -0.000753039   -0.001144503
   -0.000000438    0.000253467   -0.000167884
   -0.001719181    0.000321634    0.000474406
   -0.001507492   -0.001749968   -0.001573636
    0.000044373   -0.000197214    0.000124788
   -0.000032766    0.000147412    0.000260445
    0.000277930   -0.000378931    0.000089724
   -0.000052848   -0.000406020   -0.000463071
   -0.000843667    0.002801904   -0.000312408
    0.000800612    0.000417184   -0.000036458
   -0.000129941    0.000549049    0.000233417
   -0.000339782    0.000011158   -0.000255652
    0.001402157    0.000119212    0.002112045
   -0.002182204   -0.000896996    0.002150114
    0.000639187    0.001119391   -0.001874808
   -0.000266837    0.000002290   -0.000634022
    0.001183666   -0.002141049    0.001540129
    0.000673250   -0.000585536    0.001353975
    0.000112755    0.000470455   -0.001360315
