 s    16.0   -0.73039586    2.10936308   -0.29187652   31.97207180
 o     8.0   -0.86397447    2.32255926    2.43810073   15.99491464
 o     8.0   -2.80587058    2.67491106   -1.81882482   15.99491464
 c     6.0    1.79263300    4.01573731   -1.22492063   12.00000000
 c     6.0    4.44326830    3.54677803   -0.17129682   12.00000000
 c     6.0    1.23392504    6.34601631   -3.31321112   12.00000000
 c     6.0    6.42581319    5.18796088   -0.85577114   12.00000000
 h     1.0    4.68758025    2.02382624    1.58861723    1.00782504
 c     6.0    3.20897028    7.90262638   -3.95625860   12.00000000
 h     1.0   -0.67390227    6.25481881   -4.13515353    1.00782504
 c     6.0    5.95323703    7.15020974   -2.80358748   12.00000000
 h     1.0    2.68854940    9.75167641   -5.21432877    1.00782504
 h     1.0    7.10856335    8.61034736   -3.40100607    1.00782504
 c     6.0    0.32639871   -1.15838135   -0.87492482   12.00000000
 c     6.0    0.39982400   -1.96931157   -3.50208037   12.00000000
 c     6.0    0.37810506   -2.78665021    1.29871790   12.00000000
 c     6.0    1.12509075   -4.47271494   -3.96209353   12.00000000
 h     1.0    0.04808434   -1.03148501   -4.97081206    1.00782504
 c     6.0    0.86538702   -5.41270524    0.76783665   12.00000000
 h     1.0   -0.33473547   -2.10434836    3.23377079    1.00782504
 c     6.0    1.49930500   -6.25164002   -1.82599187   12.00000000
 h     1.0    1.29563921   -4.90703130   -6.18392459    1.00782504
 h     1.0    0.70816748   -7.07804262    2.24617840    1.00782504
 c     6.0    2.14955971   -9.04459992   -1.96220631   12.00000000
 c     6.0    1.05243005  -10.43676240   -3.84321512   12.00000000
 c     6.0    3.94912592  -10.19205160   -0.15131816   12.00000000
 c     6.0    1.56026380  -13.00222410   -3.98401863   12.00000000
 h     1.0   -0.00988592   -9.46964996   -5.72160294    1.00782504
 c     6.0    4.57159021  -12.69841840   -0.44316816   12.00000000
 h     1.0    4.78416478   -8.95029751    1.69486857    1.00782504
 c     6.0    3.30321263  -14.17961170   -2.25396603   12.00000000
 h     1.0    0.42932427  -14.35158210   -5.24759675    1.00782504
 h     1.0    5.92375728  -13.76562260    0.82977904    1.00782504
 h     1.0    3.90035059  -16.32319210   -2.59690122    1.00782504
 c     6.0    9.03138693    4.21426922    0.55088518   12.00000000
 h     1.0    7.96158491    4.93967028    2.72966276    1.00782504
 h     1.0    9.75929411    1.44991102    0.49252100    1.00782504
 h     1.0   11.70386220    6.02293345   -0.38106238    1.00782504
