   -0.000356791   -0.000004277   -0.000423666
    0.000368277    0.000256981    0.000361672
    0.000426386   -0.000030645    0.000071034
    0.000489992   -0.000381332   -0.000023956
   -0.000586724   -0.000048802    0.000040655
   -0.000276793   -0.000301053   -0.000231130
   -0.000022905    0.000341684    0.000197071
    0.001599255   -0.002011180   -0.000419929
   -0.000109529   -0.000432384    0.000213444
    0.000887741    0.000639830    0.000238938
    0.000051931   -0.000062396    0.000455428
   -0.000012000    0.001645809    0.001593787
    0.003544019    0.000419081    0.000390757
   -0.000200410    0.000439856    0.000335525
   -0.000190087    0.000189259    0.000439286
    0.000041413    0.000237306   -0.000560769
   -0.000105779   -0.000467878   -0.000443102
    0.000059068    0.001123100   -0.001620436
   -0.000009628    0.000277271    0.000601369
   -0.001509046   -0.001913409    0.000503179
    0.000528093    0.000096217   -0.000031486
   -0.000557224   -0.000490777    0.004195230
    0.000580822   -0.001245454   -0.001489495
   -0.000671537   -0.000266966   -0.000392339
    0.000223495    0.000285058    0.000213143
    0.000569168   -0.000245561    0.000132300
    0.000071321    0.000270704    0.000076745
    0.000257972    0.000167691    0.000698567
   -0.000348370    0.000407377   -0.000277539
   -0.001254368    0.001348756   -0.000113308
    0.000169457    0.000145139   -0.000037850
   -0.000216846   -0.002368184    0.000866089
    0.000330707   -0.001700259   -0.000674234
    0.001329774   -0.000352383    0.000400044
    0.000049190   -0.000043192   -0.000453897
   -0.000658285   -0.002815705    0.000231861
   -0.001115711    0.000350483    0.000858923
   -0.000625072   -0.001501685   -0.002064141
