 s    16.0   -0.70530076    1.92510097   -0.18148031   31.97207180
 o     8.0   -0.83049807    2.31902582    2.57028826   15.99491464
 o     8.0   -2.81892182    2.87073281   -1.74496970   15.99491464
 c     6.0    2.19070251    3.87162729   -1.36040837   12.00000000
 c     6.0    4.18021230    4.30976595    0.36703213   12.00000000
 c     6.0    2.16122841    4.64027705   -3.61872684   12.00000000
 c     6.0    6.08389898    5.86060237   -0.34127268   12.00000000
 h     1.0    3.76919029    3.64803033    2.46454579    1.00782504
 c     6.0    4.19549371    6.34334685   -4.61582895   12.00000000
 h     1.0    0.59779260    4.43796254   -5.05906472    1.00782504
 c     6.0    6.04497351    6.92858421   -2.80624196   12.00000000
 h     1.0    3.94031002    6.88945394   -6.48206675    1.00782504
 h     1.0    7.67281545    8.21808310   -3.56863671    1.00782504
 c     6.0   -0.02831868   -1.22615081   -1.06995785   12.00000000
 c     6.0   -0.30651641   -2.35347129   -3.26762471   12.00000000
 c     6.0    0.99280392   -2.55614644    1.05959414   12.00000000
 c     6.0    0.34251804   -4.71678759   -3.65145107   12.00000000
 h     1.0   -1.10886363   -1.60739390   -4.95487995    1.00782504
 c     6.0    1.66123623   -5.11398710    0.61912921   12.00000000
 h     1.0    0.77048648   -1.78798527    3.13068855    1.00782504
 c     6.0    1.49540021   -6.26657161   -1.64035738   12.00000000
 h     1.0   -0.10264654   -5.72452306   -5.34483344    1.00782504
 h     1.0    2.62862568   -6.07347559    2.39474744    1.00782504
 c     6.0    2.16564438   -8.74014001   -2.01060639   12.00000000
 c     6.0    0.79474806  -10.42674270   -3.64629508   12.00000000
 c     6.0    4.12053371  -10.09194710   -0.70973120   12.00000000
 c     6.0    1.06296734  -13.01083870   -4.08587025   12.00000000
 h     1.0   -0.50202363   -9.51706460   -4.84661509    1.00782504
 c     6.0    4.54530301  -12.71959150   -0.93943853   12.00000000
 h     1.0    5.37819402   -9.21718726    0.70099290    1.00782504
 c     6.0    3.07794479  -14.14544980   -2.71427933   12.00000000
 h     1.0   -0.31188061  -14.43453560   -5.25580998    1.00782504
 h     1.0    5.93393122  -13.86804440    0.29230208    1.00782504
 h     1.0    3.52491101  -16.05852670   -3.01098701    1.00782504
 c     6.0    8.42919050    6.16173032    1.30895518   12.00000000
 h     1.0    7.95150359    5.76653244    3.21273847    1.00782504
 h     1.0    9.98345333    5.01413436    0.57404886    1.00782504
 h     1.0    9.44066064    8.32130928    1.23564814    1.00782504
