    0.000208406    0.000043431   -0.000209624
   -0.000330446   -0.000082033    0.000353282
    0.000150851   -0.000142510    0.000041167
   -0.000106808   -0.000001633    0.000309649
   -0.000022195    0.000471912   -0.000108314
    0.000256364    0.000227744    0.000373060
   -0.000676025   -0.000283746   -0.000223794
   -0.001892715   -0.000727269   -0.001902116
   -0.000225511   -0.000565138    0.000143384
   -0.002931322   -0.002261258   -0.002917803
    0.000556261    0.000257031    0.000162809
    0.000637492   -0.000833135    0.003473299
    0.000800372    0.002392912   -0.001622506
   -0.000393183   -0.000034283   -0.000328881
    0.000027739   -0.000794125    0.000600149
   -0.000273282    0.000203419    0.000007675
   -0.000019687    0.000968925   -0.000130213
    0.000473920   -0.000934521   -0.001425116
    0.000117625   -0.000229478    0.000395640
    0.001392659    0.000616392    0.001611750
    0.000076773   -0.000340307   -0.000658885
   -0.000485328   -0.001174779   -0.001156214
   -0.001416269    0.000179832   -0.000352624
    0.000034234    0.000560849    0.000584961
    0.000087020   -0.000368218   -0.000193013
    0.000458041    0.000110367    0.000334086
   -0.000535584   -0.000173398   -0.000769573
   -0.000637615   -0.000106980   -0.000112585
   -0.000288747   -0.000045252   -0.000140205
   -0.000578810   -0.003638856   -0.000909226
    0.000132266    0.000120680    0.000433178
    0.002142444   -0.000044361    0.000390308
    0.000842162    0.000737171   -0.000585542
   -0.000901445    0.001834985   -0.000020431
    0.000672673    0.000541555   -0.000271908
   -0.001448620   -0.001997549    0.001751163
    0.001238303   -0.001454943   -0.000108533
    0.000435916    0.002118552   -0.001900421
