 s    16.0   -0.36383490    1.98996108   -0.38958684   31.97207180
 o     8.0   -0.69125194    2.52359344    2.35329507   15.99491464
 o     8.0   -2.63115475    2.38749155   -1.92710332   15.99491464
 c     6.0    2.18671252    3.72546996   -1.50993593   12.00000000
 c     6.0    3.69663216    5.02440346    0.63949840   12.00000000
 c     6.0    2.57954753    4.13977566   -4.22252285   12.00000000
 c     6.0    5.65984378    6.59125898    0.22522085   12.00000000
 h     1.0    3.58042257    4.48625976    2.53913581    1.00782504
 c     6.0    4.63720043    5.76029087   -4.78245436   12.00000000
 h     1.0    1.19648168    3.13630830   -5.82560163    1.00782504
 c     6.0    6.28998629    6.98937568   -2.66985332   12.00000000
 h     1.0    4.98457398    6.10620159   -6.74396674    1.00782504
 h     1.0    8.12375994    8.32002602   -2.95264750    1.00782504
 c     6.0    0.70302138   -1.19623310   -0.93529780   12.00000000
 c     6.0   -0.50708316   -2.42233228   -3.09780058   12.00000000
 c     6.0    2.09576450   -2.50466336    0.89115431   12.00000000
 c     6.0   -0.12731727   -5.07199999   -3.40943115   12.00000000
 h     1.0   -2.09325287   -1.67328498   -4.62218767    1.00782504
 c     6.0    2.68058022   -5.07262062    0.72245121   12.00000000
 h     1.0    2.52169370   -1.43175817    2.67173418    1.00782504
 c     6.0    1.53141138   -6.45452411   -1.48036104   12.00000000
 h     1.0   -1.27370810   -6.39352570   -5.19832599    1.00782504
 h     1.0    3.88664094   -6.19209145    2.28424488    1.00782504
 c     6.0    1.85212302   -9.11886811   -1.92917273   12.00000000
 c     6.0   -0.18746954  -10.63702560   -3.04512881   12.00000000
 c     6.0    4.14678027  -10.47569260   -1.10353680   12.00000000
 c     6.0    0.16109307  -13.17656150   -3.76279902   12.00000000
 h     1.0   -2.20206289   -9.49165159   -3.35659135    1.00782504
 c     6.0    4.73459816  -12.89924300   -1.92588811   12.00000000
 h     1.0    5.89022939   -9.73948021   -0.12307359    1.00782504
 c     6.0    2.71781630  -14.41022030   -3.14065001   12.00000000
 h     1.0   -1.41480762  -14.39639880   -4.40212454    1.00782504
 h     1.0    6.45810266  -14.04837430   -1.31305607    1.00782504
 h     1.0    3.09391767  -16.51891300   -3.90285340    1.00782504
 c     6.0    7.34411890    7.89302376    2.32085131   12.00000000
 h     1.0    6.67278165    6.61010801    4.05270791    1.00782504
 h     1.0    9.52701653    8.01880520    1.41982791    1.00782504
 h     1.0    6.65048265   10.34498760    3.09390104    1.00782504
