   -0.000317354    0.000034706   -0.000191167
    0.000117346    0.000334152    0.000231791
    0.000318372   -0.000202862    0.000216829
   -0.000383486   -0.000320446   -0.000338130
    0.000510926   -0.000227424   -0.000296569
    0.000573730    0.000313166   -0.000117529
   -0.000172069   -0.000131094    0.000493205
   -0.001399482    0.001188133   -0.001528967
   -0.000331262    0.000416634    0.000347372
   -0.000502106   -0.001328419   -0.000126696
   -0.000074423    0.000142699   -0.000410309
    0.000032452    0.000769408   -0.003214153
    0.000612090   -0.000785050    0.002358807
    0.000109679    0.000039516    0.000462822
    0.000168070    0.000466140   -0.000354012
   -0.000115228    0.000270800    0.000209422
    0.000307045   -0.000018236    0.000347858
    0.000139662   -0.001303740    0.001330982
   -0.000030324   -0.000956140   -0.000503628
    0.001105011    0.000316875    0.000420242
   -0.000014045   -0.000131854   -0.000067894
    0.000790772    0.000262350   -0.001173289
    0.000714768   -0.000637575    0.002305651
   -0.000402084    0.000221261   -0.000289667
    0.000070184    0.000155978    0.000349899
   -0.000046706    0.000008150   -0.000293766
   -0.000686784   -0.000037183   -0.000080846
    0.002718448   -0.000508854    0.000363269
   -0.000001353   -0.000218139    0.000048643
   -0.001527491   -0.000393693   -0.003947229
    0.000323408   -0.000344500    0.000383991
   -0.000366207   -0.000328813    0.000403514
    0.002617672   -0.000476901    0.000314726
    0.000907998    0.001378202    0.000138742
   -0.000250161    0.000240933   -0.000070291
    0.000302974    0.000814758    0.001670420
    0.001283617   -0.001295199    0.001381962
    0.001049710    0.000449963    0.000399643
