 s    16.0   -0.47034111    2.01344444   -0.36272809   31.97207180
 o     8.0   -0.86778424    2.29143912    2.21160844   15.99491464
 o     8.0   -2.68447988    2.88841816   -2.08121595   15.99491464
 c     6.0    2.23184527    3.69496339   -0.98439487   12.00000000
 c     6.0    3.91269519    4.82540896    0.84510023   12.00000000
 c     6.0    2.64697201    4.27066709   -3.80669238   12.00000000
 c     6.0    5.92301276    6.44630274    0.00304993   12.00000000
 h     1.0    3.77925746    4.52722088    2.90532291    1.00782504
 c     6.0    4.33216830    6.08966721   -4.53059366   12.00000000
 h     1.0    1.26384629    3.46013994   -5.16240332    1.00782504
 c     6.0    6.06237909    7.03673095   -2.56187243   12.00000000
 h     1.0    4.25452792    7.05573736   -6.28176537    1.00782504
 h     1.0    7.54071743    8.38109142   -3.04277946    1.00782504
 c     6.0    0.40100323   -1.17067411   -0.91315909   12.00000000
 c     6.0   -0.78401539   -2.48316317   -3.20066863   12.00000000
 c     6.0    2.09452073   -2.50957132    0.69612231   12.00000000
 c     6.0   -0.21033129   -5.05703697   -3.68447998   12.00000000
 h     1.0   -2.82137992   -1.60973887   -4.32590170    1.00782504
 c     6.0    2.82245270   -4.89216820    0.15448399   12.00000000
 h     1.0    2.96999065   -1.59396050    2.49438233    1.00782504
 c     6.0    1.73870241   -6.37640564   -1.91167063   12.00000000
 h     1.0   -1.30397295   -6.19875806   -5.14755875    1.00782504
 h     1.0    4.68438559   -5.74762412    1.63612615    1.00782504
 c     6.0    2.01611908   -9.30974734   -2.15590528   12.00000000
 c     6.0   -0.07948773  -10.83641650   -3.20654741   12.00000000
 c     6.0    4.21789305  -10.26534870   -1.26237946   12.00000000
 c     6.0    0.40162587  -13.54303400   -3.28785985   12.00000000
 h     1.0   -1.63798333   -9.77612025   -3.91345433    1.00782504
 c     6.0    4.55907726  -12.97146790   -1.54763282   12.00000000
 h     1.0    5.71071007   -8.93278205   -0.34424879    1.00782504
 c     6.0    2.67535975  -14.51681260   -2.76319714   12.00000000
 h     1.0   -1.38124514  -14.62507660   -3.92853299    1.00782504
 h     1.0    6.30318944  -13.83736760   -0.70190749    1.00782504
 h     1.0    2.81704528  -16.62091120   -2.86930449    1.00782504
 c     6.0    7.73053216    7.73538018    2.05621940   12.00000000
 h     1.0    6.43681013    8.73679827    4.20480824    1.00782504
 h     1.0    9.27398023    5.37921266    3.01206782    1.00782504
 h     1.0    8.82376329    9.67915396    1.09761236    1.00782504
