    0.000147133   -0.000324223   -0.000174197
   -0.000136833    0.000147230    0.000361847
   -0.000082373    0.000168816   -0.000119340
    0.000030115    0.000096008    0.000203969
    0.000122732    0.000195045   -0.000035575
   -0.000251542   -0.000345935   -0.000186857
    0.000174319    0.000044731    0.000019805
    0.000301902    0.000161552   -0.001987869
   -0.000231829   -0.000010637   -0.000116446
    0.000394809   -0.000308658    0.000381060
   -0.000091550   -0.000526133   -0.000149580
    0.001447916    0.000758887    0.001102768
    0.000689631    0.001334486    0.000303168
    0.000013036   -0.000167742   -0.000457005
   -0.000285845    0.000730856    0.000552682
   -0.000455957   -0.000082459    0.000172609
    0.000019080   -0.000005515   -0.000777612
    0.001119503   -0.000737086    0.001365399
    0.000250850   -0.000187472   -0.000261970
    0.001210005    0.001949888    0.000769533
   -0.000301858    0.000054223    0.000022409
    0.000422883    0.002217097    0.003377168
   -0.000208811    0.000157844   -0.000107294
    0.000244088   -0.000446513    0.000506055
   -0.000136180    0.000023740    0.000017456
    0.000280153   -0.000612752   -0.000574601
    0.000075485   -0.000065195    0.000380689
    0.001223403    0.000699394   -0.000376927
   -0.000074063    0.000715180    0.000224203
   -0.000606361    0.001170626    0.002348999
   -0.000183147   -0.000106019   -0.000470233
   -0.000143328   -0.001510021    0.001096116
   -0.000215922    0.001289827   -0.000231252
   -0.000437206    0.001172390   -0.000634415
    0.000406485    0.000369184    0.000627251
   -0.000547532    0.000229037   -0.001787356
   -0.000385322    0.000133850   -0.000356879
   -0.000750199    0.000479165    0.000038767
