 s    16.0   -0.47737632    2.03877271   -0.32456971   31.97207180
 o     8.0   -0.65947906    2.51503631    2.43952182   15.99491464
 o     8.0   -2.31747813    3.07773892   -1.97574047   15.99491464
 c     6.0    2.46931369    3.81468898   -1.23722758   12.00000000
 c     6.0    3.83208494    5.14165345    0.81380051   12.00000000
 c     6.0    2.90153292    3.95056672   -4.16575111   12.00000000
 c     6.0    5.95065554    6.53785792    0.09168254   12.00000000
 h     1.0    3.35188172    5.22652607    2.88063187    1.00782504
 c     6.0    5.09986688    5.19065949   -4.82402592   12.00000000
 h     1.0    1.88517806    2.54389775   -5.97553728    1.00782504
 c     6.0    6.59027002    6.75894902   -2.73867809   12.00000000
 h     1.0    5.53443598    5.39409107   -7.01248461    1.00782504
 h     1.0    8.12103711    7.90038897   -3.86958635    1.00782504
 c     6.0   -0.08356521   -1.29334594   -0.96878053   12.00000000
 c     6.0   -1.69645958   -2.73025950   -2.85729895   12.00000000
 c     6.0    1.71931379   -2.57375333    0.99637358   12.00000000
 c     6.0   -1.15505140   -5.24377614   -3.24096843   12.00000000
 h     1.0   -3.39481841   -1.51958189   -4.01596162    1.00782504
 c     6.0    2.23515597   -5.15728985    0.73372613   12.00000000
 h     1.0    2.70587962   -1.48860008    2.88415566    1.00782504
 c     6.0    0.69653386   -6.62058194   -1.50995398   12.00000000
 h     1.0   -2.06937792   -6.18223158   -4.92306641    1.00782504
 h     1.0    3.24008773   -6.26991576    1.96496558    1.00782504
 c     6.0    1.51998710   -9.25547191   -2.01562312   12.00000000
 c     6.0    0.06072876  -10.99388520   -3.29869012   12.00000000
 c     6.0    4.20870893   -9.96234050   -1.42101588   12.00000000
 c     6.0    0.94712930  -13.52013760   -3.93398116   12.00000000
 h     1.0   -2.12226560  -10.38874980   -3.45265830    1.00782504
 c     6.0    5.14570527  -12.46627070   -1.92176358   12.00000000
 h     1.0    5.96361979   -9.00753741   -0.31675892    1.00782504
 c     6.0    3.60808014  -14.15229260   -3.11536789   12.00000000
 h     1.0   -0.31450797  -14.83123430   -4.72632250    1.00782504
 h     1.0    7.00683136  -12.92690730   -1.32410681    1.00782504
 h     1.0    4.12484080  -16.00059050   -3.72557592    1.00782504
 c     6.0    7.72134210    8.11140439    2.22825333   12.00000000
 h     1.0    6.85997912    7.86062452    4.20058066    1.00782504
 h     1.0   10.03782220    7.72537400    2.20388862    1.00782504
 h     1.0    7.85391656   10.39826290    2.18713305    1.00782504
