    0.000090326   -0.000080472   -0.000273706
   -0.000144337   -0.000279949    0.000393624
   -0.000054625   -0.000146907    0.000032744
   -0.000147076   -0.000065517   -0.000046025
    0.000246954    0.000173665   -0.000167502
   -0.000161133   -0.000013735    0.000081719
    0.000379076    0.000043006    0.000402941
   -0.000542086    0.000857536   -0.000619369
   -0.000300971   -0.000298803   -0.000109754
    0.002390808    0.001587894    0.001065372
   -0.000255953   -0.000196967    0.000345048
   -0.000121471    0.000978640   -0.001820109
    0.001412614   -0.000714259   -0.000152730
    0.000347295    0.000117697    0.000062207
   -0.000252649   -0.000145285    0.000281304
   -0.000037076   -0.000042213    0.000045445
    0.000146853   -0.000275335   -0.000233798
   -0.000056716    0.000451942   -0.001440981
   -0.000078291    0.000346331   -0.000017470
   -0.000140163    0.003034880   -0.000386029
   -0.000124341    0.000381456   -0.000421612
   -0.001300711    0.000113654    0.000740979
    0.000057646    0.000515282    0.000672394
    0.000216611   -0.000078762   -0.000219009
   -0.000358279   -0.000560768   -0.000297779
    0.000563350    0.000324508    0.000213102
    0.000203584    0.000336811    0.000234377
   -0.001606336    0.001013353   -0.000557428
   -0.000152589   -0.000141714   -0.000084774
    0.000246252   -0.000803851    0.002305222
   -0.000085207    0.000145388    0.000337927
   -0.002103837   -0.000480221   -0.000196634
   -0.001876716   -0.000125407   -0.000584086
    0.000454562   -0.001504940   -0.002203015
   -0.000112677   -0.000064056    0.000165246
    0.002018866    0.002514966   -0.002079284
    0.000319673   -0.000533046    0.000222210
    0.000686831    0.002602346    0.000163169
