 s    16.0   -0.58016318    2.02865330   -0.06801267   31.97207180
 o     8.0   -0.35694254    2.25776005    2.78624588   15.99491464
 o     8.0   -2.78842507    2.76215521   -1.61486975   15.99491464
 c     6.0    2.02140102    3.89402836   -1.32817756   12.00000000
 c     6.0    4.25760411    4.04722932    0.25391167   12.00000000
 c     6.0    1.73939008    5.28550924   -3.61382691   12.00000000
 c     6.0    6.22012296    5.63104630   -0.55977922   12.00000000
 h     1.0    4.05235420    3.30527688    1.96796255    1.00782504
 c     6.0    3.91016261    6.66040926   -4.38220183   12.00000000
 h     1.0   -0.09617696    4.59596262   -4.69742058    1.00782504
 c     6.0    6.08003605    6.91674921   -2.93682191   12.00000000
 h     1.0    3.71150935    7.73359452   -6.10344605    1.00782504
 h     1.0    7.52414117    7.72666279   -3.89647935    1.00782504
 c     6.0    0.10819943   -1.18855436   -0.91786095   12.00000000
 c     6.0    0.27453738   -1.88483344   -3.51714024   12.00000000
 c     6.0    0.27223699   -2.95210100    1.14104262   12.00000000
 c     6.0    1.01804650   -4.36603229   -3.99086902   12.00000000
 h     1.0   -0.46230285   -0.68532855   -5.08103920    1.00782504
 c     6.0    0.96245823   -5.52541489    0.54575151   12.00000000
 h     1.0    0.25960527   -2.62021490    3.18843517    1.00782504
 c     6.0    1.22413641   -6.17731641   -2.00254558   12.00000000
 h     1.0    0.55317421   -5.40390700   -5.84442517    1.00782504
 h     1.0    1.01365286   -7.13438931    2.00331180    1.00782504
 c     6.0    1.96933900   -9.06924032   -2.38130935   12.00000000
 c     6.0    0.75592575  -10.65149290   -3.97236510   12.00000000
 c     6.0    3.97036786   -9.94588985   -0.74583561   12.00000000
 c     6.0    1.32816996  -13.35567470   -3.88664909   12.00000000
 h     1.0   -0.79787993  -10.29655910   -5.11258582    1.00782504
 c     6.0    4.59807267  -12.50867230   -0.54308074   12.00000000
 h     1.0    5.20533175   -8.67441539    0.17139232    1.00782504
 c     6.0    3.09897581  -14.31392990   -2.11060963   12.00000000
 h     1.0    0.28178294  -14.97068080   -4.85771792    1.00782504
 h     1.0    5.93876370  -13.06275080    0.76690197    1.00782504
 h     1.0    3.60975684  -16.35258550   -2.37505719    1.00782504
 c     6.0    8.52533626    6.24682159    1.09206859   12.00000000
 h     1.0    8.74947343    3.82926369    2.75015295    1.00782504
 h     1.0   10.97386440    6.80570785   -0.10937644    1.00782504
 h     1.0    7.50101529    8.67709069    2.34223090    1.00782504
