    0.000080779   -0.000009104    0.000111675
   -0.000072628   -0.000008221    0.000499794
    0.000085960    0.000023013   -0.000047100
   -0.000006469   -0.000066478   -0.000453531
    0.000232505   -0.000041083    0.000008874
   -0.000440708    0.000028724   -0.000134406
   -0.000168622    0.000015390    0.000173084
   -0.000233869    0.001417129    0.000340691
   -0.000209015   -0.000039646    0.000008697
    0.001611423    0.002201082    0.000364212
    0.000491867    0.000180173   -0.000118765
   -0.000140347   -0.000427467   -0.000415868
   -0.000894255   -0.001702178    0.001061092
    0.000289250    0.000420193   -0.000145160
    0.000171065   -0.000208448   -0.000452518
   -0.000199510    0.000398488    0.000178978
    0.000076055   -0.000169820    0.000483304
    0.001018873    0.001829705    0.000086395
   -0.000136165   -0.000366850   -0.000253802
   -0.000319518   -0.001502957   -0.001111030
   -0.000056053    0.000028826    0.000484690
   -0.000861111    0.000317430    0.000293180
    0.000759844    0.001868115   -0.004275771
   -0.000080584   -0.000600236   -0.000375043
    0.000434256    0.000222414    0.000694584
   -0.000322395   -0.000269173   -0.000113370
    0.000122243    0.000084268   -0.000533486
   -0.000203295    0.001347367   -0.000953234
   -0.000012397   -0.000020679   -0.000075599
    0.000643728   -0.000349899    0.000256127
   -0.000198915    0.000150960    0.000310186
    0.000873715    0.001537893   -0.000469738
   -0.000587457   -0.002684572   -0.000649487
    0.001010059   -0.002216772    0.001138692
   -0.000072274    0.000121556   -0.000653641
   -0.001938611    0.001604602    0.002345036
   -0.001780255    0.000966427    0.000992716
   -0.000716749   -0.002583969    0.001776922
