 s    16.0   -0.48535872    1.94466598   -0.41478422   31.97207180
 o     8.0   -0.82802384    2.34308667    2.22964985   15.99491464
 o     8.0   -2.50925369    1.99264537   -2.26592677   15.99491464
 c     6.0    1.90702410    4.13006795   -1.39236314   12.00000000
 c     6.0    4.05578969    4.24757471    0.28416429   12.00000000
 c     6.0    1.68897204    5.89359054   -3.61441497   12.00000000
 c     6.0    5.88552436    5.97806100   -0.33360066   12.00000000
 h     1.0    4.49133684    2.67694456    1.72674091    1.00782504
 c     6.0    3.47080951    7.73356619   -4.17138353   12.00000000
 h     1.0   -0.14581729    5.52203176   -4.87535289    1.00782504
 c     6.0    5.43460468    7.93474857   -2.60082138   12.00000000
 h     1.0    3.57353533    9.14501769   -6.01844248    1.00782504
 h     1.0    6.91005607    9.40813611   -3.07284443    1.00782504
 c     6.0    0.96055336   -1.25741487   -0.96279251   12.00000000
 c     6.0    0.62149226   -2.44696283   -3.34343549   12.00000000
 c     6.0    1.80313559   -2.61807003    1.10652618   12.00000000
 c     6.0    0.76860425   -5.05950159   -3.53544048   12.00000000
 h     1.0   -0.41300519   -1.55285001   -4.77133530    1.00782504
 c     6.0    2.33550717   -5.17369927    0.98815563   12.00000000
 h     1.0    1.66327563   -1.45548705    3.03061704    1.00782504
 c     6.0    1.52147020   -6.49073959   -1.44461617   12.00000000
 h     1.0    0.57615224   -6.33309718   -5.26675041    1.00782504
 h     1.0    3.08702042   -6.34840402    2.49581642    1.00782504
 c     6.0    1.83622983   -9.13747422   -1.78387522   12.00000000
 c     6.0    0.51711822  -10.43156230   -3.68952696   12.00000000
 c     6.0    3.53149654  -10.52491930   -0.21947536   12.00000000
 c     6.0    0.86739458  -13.06545540   -4.29854003   12.00000000
 h     1.0   -0.48716646   -9.08729333   -4.97334089    1.00782504
 c     6.0    3.98887057  -13.16592190   -0.74517312   12.00000000
 h     1.0    4.64275298   -9.51577727    0.91327659    1.00782504
 c     6.0    2.59254759  -14.35878540   -2.71434274   12.00000000
 h     1.0   -0.04315223  -14.00759030   -5.87904596    1.00782504
 h     1.0    5.09570575  -13.90896230    0.62209936    1.00782504
 h     1.0    2.75671347  -16.43309470   -3.18466168    1.00782504
 c     6.0    8.44553423    5.58997213    1.11765581   12.00000000
 h     1.0    8.03585933    5.42579786    3.17732080    1.00782504
 h     1.0    9.86881063    3.74140411    0.40172439    1.00782504
 h     1.0    9.64833643    7.40405625    1.16259797    1.00782504
