   -0.000026431   -0.000099960    0.000177225
   -0.000042855   -0.000052333   -0.000024409
   -0.000070103    0.000101540   -0.000108124
    0.000221487   -0.000135453   -0.000392177
    0.000017756   -0.000210064   -0.000019340
    0.000597543    0.000565008   -0.000068790
   -0.000187555    0.000103866    0.000080922
    0.000265170   -0.001867367    0.001128943
   -0.000024716   -0.000105203    0.000189627
   -0.002811199    0.000267336   -0.001572672
    0.000069303    0.000130716   -0.000588482
   -0.000716870   -0.000876403    0.000406675
   -0.000483780   -0.001090668    0.003219538
   -0.000381894   -0.000547207   -0.000176773
    0.000416230    0.000281852    0.000003571
   -0.000112404   -0.000421419   -0.000008819
    0.000370361    0.000124915    0.000383366
    0.000784122    0.000951518    0.000026066
    0.000138665    0.000170940    0.000405000
    0.000284095    0.000052726    0.002834232
   -0.000317451    0.000245998   -0.000116978
   -0.001644763   -0.001552954   -0.000549677
    0.000050590   -0.000029610   -0.001211839
    0.000123939    0.000307385   -0.000275499
   -0.000363987    0.000201228    0.000199238
   -0.000008695   -0.000170677   -0.000338414
   -0.000025544   -0.000156520   -0.000492490
   -0.001707998    0.002310334    0.000795444
    0.000357679   -0.000528859    0.000155006
   -0.000239444   -0.000737276   -0.000553783
    0.000245278    0.000287522    0.000441554
   -0.000934097   -0.002223690   -0.000695782
   -0.002699176    0.002897565   -0.000182327
    0.000180146   -0.001069343    0.001263656
    0.000203915    0.000715687    0.000054899
    0.000550033    0.000774558   -0.002538623
   -0.001506679   -0.001258230    0.000048673
   -0.002701588   -0.004398088    0.000776860
