 s    16.0   -0.30356120    1.90029662   -0.44339565   31.97207180
 o     8.0   -0.85163420    2.35711972    2.32529136   15.99491464
 o     8.0   -2.31152064    2.23681561   -2.15878399   15.99491464
 c     6.0    2.12479734    3.93036066   -1.27295753   12.00000000
 c     6.0    4.22950777    4.52083653    0.29237150   12.00000000
 c     6.0    2.26610395    5.06078315   -3.75635472   12.00000000
 c     6.0    6.05606171    6.38884917   -0.23511372   12.00000000
 h     1.0    4.00870403    3.60395102    2.32183369    1.00782504
 c     6.0    4.12753653    6.78613904   -4.23945904   12.00000000
 h     1.0    0.53054272    4.94571009   -5.08895224    1.00782504
 c     6.0    6.04946110    7.71857951   -2.52175128   12.00000000
 h     1.0    3.82923832    7.86712485   -5.99119650    1.00782504
 h     1.0    7.35640434    9.42482045   -2.89428759    1.00782504
 c     6.0    0.50970766   -1.24966033   -0.96496936   12.00000000
 c     6.0   -0.18717306   -2.57848914   -3.23915783   12.00000000
 c     6.0    1.46252346   -2.54606590    1.03057751   12.00000000
 c     6.0    0.10384790   -5.08073169   -3.64861044   12.00000000
 h     1.0   -1.44745707   -1.61215468   -4.65673485    1.00782504
 c     6.0    1.72631847   -5.14666887    0.69361872   12.00000000
 h     1.0    1.68516743   -1.63510958    3.01963884    1.00782504
 c     6.0    1.22312847   -6.56339726   -1.62267932   12.00000000
 h     1.0   -0.51046662   -6.26417805   -5.67767637    1.00782504
 h     1.0    2.33942381   -6.50877239    2.04818312    1.00782504
 c     6.0    1.53037943   -9.27264640   -2.03090341   12.00000000
 c     6.0   -0.08734733  -10.81925640   -3.20134223   12.00000000
 c     6.0    4.31258008  -10.20369940   -1.36283761   12.00000000
 c     6.0    0.42111233  -13.45596600   -3.36674397   12.00000000
 h     1.0   -2.26994877  -10.25640250   -4.00173782    1.00782504
 c     6.0    4.93516590  -12.75123870   -1.62598149   12.00000000
 h     1.0    5.35784285   -8.48758096   -0.48018472    1.00782504
 c     6.0    2.94445906  -14.47450230   -2.58075540   12.00000000
 h     1.0   -1.43479818  -14.80041890   -4.29310232    1.00782504
 h     1.0    6.99930304  -13.85665000   -1.10871310    1.00782504
 h     1.0    3.63546753  -16.74532540   -2.36294572    1.00782504
 c     6.0    8.04272744    7.06574020    1.86047263   12.00000000
 h     1.0    7.52830454    6.44666569    3.87279944    1.00782504
 h     1.0    9.99102587    5.91362703    1.49953251    1.00782504
 h     1.0    8.37845808    9.29744379    2.20754809    1.00782504
