    0.000232077    0.000158342    0.000188420
   -0.000122160   -0.000185668   -0.000234859
   -0.000202539    0.000020957   -0.000023052
    0.000305772   -0.000255234    0.000020384
    0.000171885    0.000228957    0.000313677
    0.000102410    0.000383274   -0.000228217
    0.000122112    0.000405815    0.000100739
   -0.002130160   -0.001014682    0.001525759
    0.000177205   -0.000322154    0.000407493
    0.002848259    0.001950518    0.003295661
   -0.000367234    0.000209924   -0.000650147
    0.001495755    0.002382844   -0.001086257
    0.001044634   -0.001741593    0.000317070
   -0.000771319   -0.000156882    0.000210913
    0.000127722   -0.000844562   -0.000043763
    0.000707332   -0.000423598   -0.000148356
    0.000037918   -0.000212833   -0.000161965
   -0.002005162    0.001151438   -0.003751612
    0.000058651    0.000124491   -0.000632333
   -0.000418974   -0.000826720    0.001581872
   -0.000249113    0.000120465    0.000400919
    0.000797645    0.000937034    0.001198989
   -0.000033214   -0.000923107    0.001827864
    0.000125228    0.000359831   -0.000302062
    0.000330588   -0.000369716    0.000072706
   -0.000063696   -0.000226434    0.000486076
    0.000232427    0.000351958   -0.000053728
    0.000028625    0.000191098    0.001971070
   -0.000354941    0.000130429   -0.000072303
    0.000163615    0.001474944    0.001429132
   -0.000366407    0.000041635   -0.000269457
   -0.001543739    0.001965393    0.000470569
    0.000249589    0.000922583    0.000578467
    0.000997611   -0.001798078   -0.000097187
   -0.000742124    0.000039556    0.000048664
    0.000778860    0.000886688   -0.002711695
    0.000617551   -0.000810010   -0.001640145
   -0.000166455   -0.002223266   -0.000840200
