 s    16.0   -0.73986613    2.21940515   -0.55929758   31.97207180
 o     8.0   -0.93912683    2.81214128    2.20693887   15.99491464
 o     8.0   -2.68394067    3.11336094   -2.44624658   15.99491464
 c     6.0    1.90191770    3.74068045   -1.38560395   12.00000000
 c     6.0    3.84850666    4.17859104    0.39979449   12.00000000
 c     6.0    2.16884118    4.89549895   -3.93771856   12.00000000
 c     6.0    6.11158122    5.47999713    0.09241300   12.00000000
 h     1.0    3.68805005    3.10122008    2.37404357    1.00782504
 c     6.0    4.55307295    6.19734242   -4.14271268   12.00000000
 h     1.0    0.81827460    5.08869102   -5.75488714    1.00782504
 c     6.0    6.42043012    6.42593326   -2.36255868   12.00000000
 h     1.0    5.05973726    7.24777078   -5.99972346    1.00782504
 h     1.0    8.34850832    7.16633327   -2.77993716    1.00782504
 c     6.0   -0.15541306   -1.08139361   -0.92738706   12.00000000
 c     6.0   -1.42629362   -2.49351736   -3.13940349   12.00000000
 c     6.0    1.54818468   -2.28480912    0.88731346   12.00000000
 c     6.0   -0.81519257   -5.04183514   -3.38083151   12.00000000
 h     1.0   -2.92946388   -1.90089333   -4.43163972    1.00782504
 c     6.0    2.34238715   -4.79065835    0.62050901   12.00000000
 h     1.0    2.25003058   -1.25037527    2.86787798    1.00782504
 c     6.0    0.97913925   -6.23505902   -1.62729695   12.00000000
 h     1.0   -1.33943296   -6.16398692   -5.03173140    1.00782504
 h     1.0    3.85626470   -5.60803362    2.11952663    1.00782504
 c     6.0    1.92868473   -8.93040939   -1.95291772   12.00000000
 c     6.0   -0.04665494  -11.08773250   -2.63219364   12.00000000
 c     6.0    4.90354766   -9.54534123   -1.65510861   12.00000000
 c     6.0    0.81770250  -13.55040580   -2.99644771   12.00000000
 h     1.0   -2.66891386  -10.68646440   -2.35292291    1.00782504
 c     6.0    5.81597667  -11.95617300   -2.18690935   12.00000000
 h     1.0    6.42721793   -8.27332709   -0.70856390    1.00782504
 c     6.0    3.67350147  -14.09015180   -2.82117524   12.00000000
 h     1.0   -1.01800039  -15.44033980   -3.26278237    1.00782504
 h     1.0    8.28300085  -12.08023140   -2.06963666    1.00782504
 h     1.0    4.42220275  -16.14490790   -2.98628276    1.00782504
 c     6.0    8.44837951    5.37320539    2.11352041   12.00000000
 h     1.0    8.28218272    3.49965553    3.61807507    1.00782504
 h     1.0   10.58098210    5.37973678    0.78416740    1.00782504
 h     1.0    8.47357420    7.43387901    3.12880137    1.00782504
