    0.000101997   -0.000042126    0.000388285
    0.000001764   -0.000003913   -0.000420241
    0.000099632   -0.000043156   -0.000115896
    0.000431640    0.000150782    0.000729306
    0.000059936    0.000415383   -0.000339766
   -0.000434904   -0.000183975   -0.000499556
   -0.000125470    0.000117103   -0.000443688
   -0.000528817   -0.001591728   -0.001108990
   -0.000156486   -0.000449497    0.000231159
    0.000895199    0.002548378    0.001520508
    0.000093685   -0.000133152    0.000297494
   -0.000726369   -0.000181629   -0.001076057
    0.001105172    0.001518073   -0.001477560
   -0.000113652    0.000306432    0.000196215
    0.000232268   -0.000055447   -0.000172105
   -0.000341366    0.000244000    0.000016077
    0.000393287    0.000451027   -0.000373454
   -0.000523202   -0.000214475    0.000217290
   -0.000132149   -0.000138749    0.000375094
   -0.000954400   -0.000048216    0.001959808
   -0.000373546   -0.000794274   -0.000305479
   -0.000276568   -0.001947028   -0.000221290
    0.001065345    0.001647073   -0.001387376
    0.000048866    0.000406155    0.000316534
    0.000095573    0.000165640    0.000013795
   -0.000167867   -0.000546649   -0.000344564
    0.000438530    0.000082563   -0.000118502
    0.000051188   -0.001034483    0.000161690
   -0.000531325    0.000145058   -0.000133769
    0.000111645   -0.000233345    0.000814436
    0.000135681    0.000204164    0.000063553
    0.000205054    0.001281206    0.002387128
   -0.001554492    0.000203462    0.000268352
    0.002246663   -0.005897252   -0.000818341
   -0.000334542    0.000420497   -0.000260318
    0.002102644   -0.000464612    0.003835570
    0.000048930   -0.001134325   -0.001380967
    0.001195876   -0.001983524    0.001424295
